,datetime,temp,atemp,humidity,windspeed,Total_Booking
0,2024-01-01 00:00:00,22.49080237694725,18.702658576772397,45.70234102415436,33.6351497104449,25
1,2024-01-01 01:00:00,34.01428612819832,25.838018947567164,44.81872794431999,39.834069859568615,68
2,2024-01-01 02:00:00,29.6398788362281,32.45891671752817,84.3752748312622,12.523394939624948,41
3,2024-01-01 03:00:00,26.97316968394073,29.644497728191222,44.972771990970365,31.243704980349943,31
4,2024-01-01 04:00:00,18.12037280884873,31.131222957229,46.316983567717855,28.587299157187434,59
5,2024-01-01 05:00:00,18.119890406724053,28.175667334214346,75.56389574507782,41.64151883941356,33
6,2024-01-01 06:00:00,16.161672243363988,28.84553129035705,56.984390547032405,45.30435302406303,24
7,2024-01-01 07:00:00,32.3235229154987,31.983913031306383,76.60263341731087,0.6078385738693404,29
8,2024-01-01 08:00:00,27.022300234864176,19.99336017718372,33.92196945386311,33.700995952939635,74
9,2024-01-01 09:00:00,29.16145155592091,24.788499272862808,59.25427162040306,2.5917899559864512,67
10,2024-01-01 10:00:00,15.411689885916047,19.424188836392045,32.016816010996955,27.4429332538678,40
11,2024-01-01 11:00:00,34.39819704323989,34.75336015993294,33.75919220732127,14.38163645218391,6
12,2024-01-01 12:00:00,31.64885281600844,33.88118679373227,84.38624720066466,15.33882997610706,26
13,2024-01-01 13:00:00,19.246782213565524,15.788536227370118,38.354722267055706,17.64792517261783,20
14,2024-01-01 14:00:00,18.636499344142013,29.11150345031377,61.94524093651303,31.064622452480503,22
15,2024-01-01 15:00:00,18.668090197068675,33.50496634831332,54.66573615604239,16.70249828343846,73
16,2024-01-01 16:00:00,21.084844859190756,18.611506902546672,50.84059957553056,36.63495252951402,58
17,2024-01-01 17:00:00,25.49512863264476,26.358904611052587,83.99000074123634,20.22636927869349,34
18,2024-01-01 18:00:00,23.638900372842315,33.30976595176084,31.30940380652937,3.41766001549793,49
19,2024-01-01 19:00:00,20.82458280396084,15.678919571715976,69.82738117053535,39.187992124205365,23
20,2024-01-01 20:00:00,27.237057894447588,28.9484053449368,87.80366605281303,14.2879162296353,91
21,2024-01-01 21:00:00,17.789877213040835,20.94698014745101,63.61009100771052,21.63834397996313,38
22,2024-01-01 22:00:00,20.84289297070436,33.48792390753061,86.20934772198551,34.27219416109508,17
23,2024-01-01 23:00:00,22.32723686587384,34.42116490330736,33.13547275716142,16.6228078574356,47
24,2024-01-02 00:00:00,24.12139968434072,33.88532978226868,55.12759914444968,2.8292828073357814,66
25,2024-01-02 01:00:00,30.703519227860276,24.48428433314928,45.60946745772307,18.69605235064068,97
26,2024-01-02 02:00:00,18.993475643167194,32.24085301978627,73.84925789884379,47.22242913471517,26
27,2024-01-02 03:00:00,25.284688768272236,31.890987970701406,88.8778254298348,32.08671986492791,56
28,2024-01-02 04:00:00,26.848291377240848,21.382009464865117,45.39180374665487,33.57395743336035,56
29,2024-01-02 05:00:00,15.929008254399957,31.57830948301355,69.25047608844446,31.614107681881997,40
30,2024-01-02 06:00:00,27.150897038028766,15.740152694309852,41.88585796558441,9.94960694797184,77
31,2024-01-02 07:00:00,18.41048247374583,26.92539756964106,63.9198152742966,20.916693205114008,23
32,2024-01-02 08:00:00,16.30103185970559,19.600176745754062,57.83594920130017,37.54698991816591,42
33,2024-01-02 09:00:00,33.977710745066666,17.411337715545578,88.32031977789222,5.068644877657958,74
34,2024-01-02 10:00:00,34.31264066149119,16.539064032584182,66.51163636178799,13.892638804485614,83
35,2024-01-02 11:00:00,31.16794696232922,28.925775517562798,50.97038232520913,13.815955423292682,61
36,2024-01-02 12:00:00,21.092275383467413,21.797499275361325,36.845747093276,21.6009463797253,24
37,2024-01-02 13:00:00,16.95344228012768,29.49533543057523,39.07480972409607,49.01843704710925,13
38,2024-01-02 14:00:00,28.684660530243136,16.307126815978847,43.5190157970741,3.375127334191097,36
39,2024-01-02 15:00:00,23.803049874792027,21.305806756612206,45.05799968041788,25.935049719029752,8
40,2024-01-02 16:00:00,17.440764696895577,25.789825847506744,81.03696347046827,8.968234100610523,54
41,2024-01-02 17:00:00,24.903538202225405,30.814463296779277,63.6733672969515,48.53382727048721,86
42,2024-01-02 18:00:00,15.687770422304368,21.3750500586414,61.403454682461984,5.66517523637321,9
43,2024-01-02 19:00:00,33.186408041575646,27.51782752874018,36.88613231215305,20.180050118079564,24
44,2024-01-02 20:00:00,20.17559963200034,32.71955496472374,81.6083816009661,36.89424924173031,91
45,2024-01-02 21:00:00,28.25044568707964,27.31726376364609,73.36885819250902,35.227721401372264,79
46,2024-01-02 22:00:00,21.23422152178822,19.659189495072678,34.0601017140001,21.136431844696613,41
47,2024-01-02 23:00:00,25.401360423556216,15.48801563113076,72.47010583378612,17.326208397635913,26
48,2024-01-03 00:00:00,25.934205586865595,32.401977478018594,62.61229304055876,19.88061892764353,62
49,2024-01-03 01:00:00,18.69708911051054,15.425388217007743,34.9035207448067,13.213813157931964,72
50,2024-01-03 02:00:00,34.39169255529117,32.49403345368399,57.498038491719385,10.26664693533999,97
51,2024-01-03 03:00:00,30.50265646722229,25.57874268054424,59.08177722780282,24.1519848779445,48
52,2024-01-03 04:00:00,33.78997883128378,33.781353970257925,39.94647240979654,13.426687803380366,38
53,2024-01-03 05:00:00,32.89654700855297,30.975664715473307,86.74188882001694,14.373083244862508,81
54,2024-01-03 06:00:00,26.957999576221702,34.95868221066675,80.99852228883972,32.837803173727856,46
55,2024-01-03 07:00:00,33.437484700462335,22.014236309034203,70.1413402397465,48.42686658499461,13
56,2024-01-03 08:00:00,16.76985004103839,30.34376577862254,57.73773366003643,30.181860027968757,99
57,2024-01-03 09:00:00,18.919657248382904,23.03861827218484,54.70593249507051,3.848973353248314,11
58,2024-01-03 10:00:00,15.90454577821076,24.597512406078177,69.05840802905725,3.779180692703349,72
59,2024-01-03 11:00:00,21.506606615265287,27.5501092643674,62.725912164414325,47.5711610422783,23
60,2024-01-03 12:00:00,22.77354579378964,32.47354228372677,33.73638635291314,14.86453951536668,98
61,2024-01-03 13:00:00,20.42698063547792,34.681669383985906,60.7501589262199,4.603349304123771,35
62,2024-01-03 14:00:00,31.57475018303859,30.365468277290365,78.38421703397037,29.95222935751908,39
63,2024-01-03 15:00:00,22.135066533871782,23.35533564334668,57.55439265581748,31.182438914513305,61
64,2024-01-03 16:00:00,20.61869019374761,23.427140045541403,33.117394653256106,32.42524100593441,89
65,2024-01-03 17:00:00,25.853921663164968,29.75164603177783,77.17669196304199,13.370101392877064,65
66,2024-01-03 18:00:00,17.818484499495252,19.77554291536605,42.08182692815846,0.7555342107237517,35
67,2024-01-03 19:00:00,31.043939615080795,17.209482262627894,45.51725009328233,48.25076847272359,87
68,2024-01-03 20:00:00,16.491012873595416,22.09244315281553,39.88238120593776,12.544652284555124,99
69,2024-01-03 21:00:00,34.73773873201034,20.74477983308164,49.81290389228985,33.801314402627376,57
70,2024-01-03 22:00:00,30.444895385933147,20.9261624091198,75.4050903413181,35.33149349393548,36
71,2024-01-03 23:00:00,18.974313630683447,19.6721550209982,61.16315157023624,30.500370853974285,70
72,2024-01-04 00:00:00,15.110442342472048,15.84186379272724,42.29287644904275,15.645369710682411,63
73,2024-01-04 01:00:00,31.30922856909668,15.357478694668275,82.66980468912246,13.554812688203288,14
74,2024-01-04 02:00:00,29.137146876952343,34.75444779472063,82.77491129709175,29.883414135135155,6
75,2024-01-04 03:00:00,29.580143360819747,23.555462674717248,82.23470550276042,43.304781680584576,70
76,2024-01-04 04:00:00,30.425406933718914,22.686532943193637,44.32777268289236,47.33668644616978,64
77,2024-01-04 05:00:00,16.480893034681806,28.5929456538614,57.07436065085929,5.295290220187882,92
78,2024-01-04 06:00:00,22.16931457088545,19.36507775730128,89.0993793684525,7.741430629885992,21
79,2024-01-04 07:00:00,17.317381190502594,33.99922367900451,76.32074857859942,47.23681293915399,20
80,2024-01-04 08:00:00,32.26206851751187,30.726900288311043,31.63004527353359,36.82676141673963,20
81,2024-01-04 09:00:00,27.46596253655116,16.78822004624519,33.91227547562952,44.149691241488654,50
82,2024-01-04 10:00:00,21.617960497052984,23.35161551569857,57.835882608739965,10.131631706767156,43
83,2024-01-04 11:00:00,16.27116700572047,32.58236615124329,84.55321235169362,29.37929355547009,35
84,2024-01-04 12:00:00,21.219646434313244,33.8946404458282,62.32210787716285,35.056979720873684,92
85,2024-01-04 13:00:00,21.503666440534943,24.348030224997395,59.868750482057415,34.00559427234863,5
86,2024-01-04 14:00:00,29.59212356676128,27.268227784214154,36.32842199739783,20.407584543334902,15
87,2024-01-04 15:00:00,27.751149427104263,18.340678921841505,69.40680628345764,0.7697445845654238,89
88,2024-01-04 16:00:00,32.744254851526534,34.82337252273953,79.32618963601354,29.14630284021316,8
89,2024-01-04 17:00:00,24.444298503238983,19.63343402766887,52.825200450453735,12.655076958980436,75
90,2024-01-04 18:00:00,17.391884918766035,33.85463548270251,76.53671105551965,22.51271230714452,30
91,2024-01-04 19:00:00,29.2648957444599,27.992932979847367,87.8685992340487,47.879050754190864,54
92,2024-01-04 20:00:00,30.21570097233795,27.154735897577183,42.22598754766135,19.951765882121737,16
93,2024-01-04 21:00:00,26.225543951389923,25.25377022033017,61.39977787168448,41.990080333221336,99
94,2024-01-04 22:00:00,30.41934359909122,19.61339623435517,47.22827748507453,9.427030287462555,85
95,2024-01-04 23:00:00,24.875911927287817,18.530560640110167,77.57126514203037,33.62302490125144,79
96,2024-01-05 00:00:00,25.45465658763988,19.409724181403508,64.65560195286946,48.85034772194717,96
97,2024-01-05 01:00:00,23.550820367170992,18.72876524288509,68.07494505301823,5.094655043646839,69
98,2024-01-05 02:00:00,15.508382534881903,30.591689471335066,77.87484957695364,0.4159971113596006,51
99,2024-01-05 03:00:00,17.157828539866088,22.0025051833346,53.75822835974729,21.67913963163072,96
100,2024-01-05 04:00:00,15.628583713734685,16.156853531267927,84.90540410442259,4.63127415256836,57
101,2024-01-05 05:00:00,27.72820822527561,34.38205260281623,61.9817320347684,37.419217483811565,75
102,2024-01-05 06:00:00,21.287119621526536,32.67571769926852,39.47728937012088,45.727433192427945,6
103,2024-01-05 07:00:00,25.171413823294056,33.55504566390426,71.75394709012815,21.701048635437942,28
104,2024-01-05 08:00:00,33.15132947852186,34.8981564529287,77.59568102629527,12.935582107772047,8
105,2024-01-05 09:00:00,19.9858445829775,18.477904984389745,49.0057006240516,21.72016595033049,23
106,2024-01-05 10:00:00,23.207658460712597,22.924840378053176,81.43075541992518,36.17239089250005,30
107,2024-01-05 11:00:00,30.111022770860973,30.164769514081826,84.36859528594599,0.4527080790185489,79
108,2024-01-05 12:00:00,19.57596330983245,28.920412361075844,46.61426924266853,29.472699474234854,44
109,2024-01-05 13:00:00,16.53959819657586,18.0779181267971,89.01128836291332,30.664584244368957,54
110,2024-01-05 14:00:00,20.79502905827536,31.31666249981236,38.44269168292551,31.884412344796772,47
111,2024-01-05 15:00:00,18.22442574508009,19.48881143673321,42.1209401041494,12.10110399904386,79
112,2024-01-05 16:00:00,33.59395304685146,19.47635229645246,41.05349035428157,35.70263616890634,71
113,2024-01-05 17:00:00,31.16240759128834,25.73948845786827,83.63938260047223,4.56957431658882,16
114,2024-01-05 18:00:00,27.66807513020847,26.858798696834064,69.2575531394977,9.96351682334004,71
115,2024-01-05 19:00:00,32.42921180375436,26.601724156756223,39.12625699333637,43.873502332724094,31
116,2024-01-05 20:00:00,31.07344153798229,16.829736747955096,56.41940510210094,36.93615753632832,58
117,2024-01-05 21:00:00,18.73140117772072,32.549217252607605,66.91788150418813,0.6872777005672626,70
118,2024-01-05 22:00:00,32.85117996979956,20.312000851774123,35.007845099363,12.41881301849001,53
119,2024-01-05 23:00:00,25.786844838313016,17.590298425656083,82.94498210444033,10.720324149658229,20
120,2024-01-06 00:00:00,31.14880310328125,32.774961597379544,78.21621212649211,13.540316401848628,6
121,2024-01-06 01:00:00,32.92182599846986,34.11302996459507,60.31240641459829,12.37798851399432,64
122,2024-01-06 02:00:00,21.36006949943728,32.24255234530901,88.02759691555022,3.126314787142287,58
123,2024-01-06 03:00:00,17.201038490553536,31.19032149449756,55.06565875650598,22.947025829841017,34
124,2024-01-06 04:00:00,19.558703250838832,28.104839612780435,89.04661914218987,36.63667373930826,88
125,2024-01-06 05:00:00,23.542155772525128,26.017147412182787,70.07519992821761,30.33658623587182,42
126,2024-01-06 06:00:00,31.36029531844986,16.739735198228203,68.0802763952365,33.64358342990399,32
127,2024-01-06 07:00:00,32.21461166512687,23.16906426141397,39.9572937177471,4.057458926811957,29
128,2024-01-06 08:00:00,15.139042610623816,22.45377034024628,82.91566549827864,47.57453550883936,14
129,2024-01-06 09:00:00,25.21494605155132,20.195075675206525,55.649381275236905,41.92459169215124,64
130,2024-01-06 10:00:00,23.348220062975575,29.468402273771694,39.734004346948765,40.254515924783135,46
131,2024-01-06 11:00:00,19.442156209414605,24.917514701575417,30.75645119854554,41.14919025208837,44
132,2024-01-06 12:00:00,17.397307346673657,16.62092431815296,63.58534101830296,46.63552540663807,81
133,2024-01-06 13:00:00,21.75230342807256,19.403664038996222,61.64397732736058,27.212698305684885,46
134,2024-01-06 14:00:00,33.858194078250385,28.66517527319192,73.16121734214951,10.014100893381295,51
135,2024-01-06 15:00:00,21.464058640415104,16.522617189806002,83.41548318106813,30.839180392627057,41
136,2024-01-06 16:00:00,25.37581243486732,32.02413828097538,34.76439507858177,37.14407468339695,84
137,2024-01-06 17:00:00,29.06037917790356,24.902930540279485,73.88978942042175,36.89586966770127,26
138,2024-01-06 18:00:00,22.27259204758588,24.61173154653296,41.244716645854936,26.07245120834401,61
139,2024-01-06 19:00:00,34.435641654419214,26.84815569319035,81.49062318942984,3.422935966678903,88
140,2024-01-06 20:00:00,34.24894589884222,31.493619318502983,79.14381083169937,18.55564692150639,31
141,2024-01-06 21:00:00,20.035645916507285,21.95618415804386,62.44762529913266,46.03833042316786,45
142,2024-01-06 22:00:00,24.94497011784771,28.56032305118127,72.61456791739869,29.2224454878713,84
143,2024-01-06 23:00:00,21.017566196335395,26.314639279915824,48.861006791024906,26.91659716278567,38
144,2024-01-07 00:00:00,20.696809887549357,20.340565403388425,58.27007393596888,13.442675719109676,36
145,2024-01-07 01:00:00,15.737738947090657,32.57259972710316,79.2982138626283,18.422445995828944,94
146,2024-01-07 02:00:00,27.191286679597937,30.94852043213856,57.55591183039283,44.76730445765846,93
147,2024-01-07 03:00:00,25.05358046457723,28.169036693168508,51.46789591952651,33.32315237634179,70
148,2024-01-07 04:00:00,16.029575024999787,32.011634581884834,59.65274683501799,39.36935133761664,16
149,2024-01-07 05:00:00,20.57292928473223,32.34588401919605,79.6949551462331,22.71727115338276,44
150,2024-01-07 06:00:00,33.165317719333075,29.167259534300698,50.11248284225236,31.512360972807897,77
151,2024-01-07 07:00:00,19.79123781333945,31.74026656727344,40.42569558814463,12.419180437160376,80
152,2024-01-07 08:00:00,17.897897441824462,28.949429233385672,72.72084121984685,35.27304151417432,94
153,2024-01-07 09:00:00,24.78905520555126,28.602815435206008,79.55869276248491,21.380066685166867,77
154,2024-01-07 10:00:00,34.71300908221201,27.372227564303685,36.038248711412,22.12727574073728,14
155,2024-01-07 11:00:00,19.84110543023001,30.054332791152824,44.39244676535668,32.466116228844086,52
156,2024-01-07 12:00:00,28.44271094811757,18.172102105861477,38.51831938565964,46.81403107344633,24
157,2024-01-07 13:00:00,30.23239230657435,32.617415183978565,50.87648469493,3.200317330431046,43
158,2024-01-07 14:00:00,19.752750879847994,32.436870554904644,57.021058734324754,41.23716186735038,64
159,2024-01-07 15:00:00,29.56432697223719,15.584945660691185,74.92958021779839,14.619155520609656,70
160,2024-01-07 16:00:00,22.355662654385064,31.51633501129525,69.06885509290045,22.19597272531889,69
161,2024-01-07 17:00:00,27.64611661187159,17.577397349468903,67.25571404870587,1.0956664387504478,55
162,2024-01-07 18:00:00,27.670594215217896,21.70237708518284,51.14249679657927,15.05230389171565,40
163,2024-01-07 19:00:00,25.71549368149517,29.870165125832155,80.4868531850856,25.131562131506524,28
164,2024-01-07 20:00:00,16.805795401088165,18.215197920966165,58.27723004388987,2.8088038673719504,31
165,2024-01-07 21:00:00,31.70604991178476,31.35934048238124,88.74629628090926,24.55478646915826,6
166,2024-01-07 22:00:00,21.41560129943472,31.64268355915484,68.04852829774421,46.35553144292137,35
167,2024-01-07 23:00:00,18.730370207997083,25.149354675216724,37.57588449387016,5.2696609053902606,61
168,2024-01-08 00:00:00,15.815502831095278,15.127717434336672,70.57065372452604,38.22203640377522,82
169,2024-01-08 01:00:00,26.81785886376484,20.740762663498256,49.506240925901935,20.483552668799632,70
170,2024-01-08 02:00:00,28.55128723684565,27.338538367514843,71.17963180116584,32.7586857262169,33
171,2024-01-08 03:00:00,15.331756578557124,34.62372356054847,34.178468889744344,13.011829899261468,19
172,2024-01-08 04:00:00,25.24186116598562,27.636270540333367,40.49288623055756,7.974613127067914,16
173,2024-01-08 05:00:00,19.52991550395876,20.196071621283195,81.34423553434718,8.023130713561322,32
174,2024-01-08 06:00:00,27.903455808189,27.680114061992228,43.63077342141089,3.5245972821572327,88
175,2024-01-08 07:00:00,18.487328580099827,25.79970759431711,80.22246751457641,9.282335245062152,28
176,2024-01-08 08:00:00,28.81875476204932,30.596907903022878,46.75656530726462,33.21096924944841,25
177,2024-01-08 09:00:00,22.734706926010748,17.139612776539167,68.57291460352246,44.084530592175405,14
178,2024-01-08 10:00:00,33.73459977473469,30.22055805004056,71.64903441058986,40.70628427955809,82
179,2024-01-08 11:00:00,17.750418882919867,25.82533157352221,60.75928518870317,34.25671549372421,22
180,2024-01-08 12:00:00,21.82132702100517,34.25984007717989,48.31864060180388,5.521593170555134,92
181,2024-01-08 13:00:00,17.269470424811782,21.837443320773723,42.75866258226577,14.459372314797491,18
182,2024-01-08 14:00:00,33.49387236557126,27.65243786267896,31.99136127374557,15.490343766123448,38
183,2024-01-08 15:00:00,32.54678706761962,33.64056211020035,48.23678407444343,12.49784731988106,62
184,2024-01-08 16:00:00,20.15883255430311,17.050194559813583,69.18976743187699,25.750282985486155,80
185,2024-01-08 17:00:00,28.19968092068358,33.74456974472902,86.29828910690895,26.77769074398363,26
186,2024-01-08 18:00:00,31.34444400402432,28.757714446016266,82.27226893578313,17.84429875855551,74
187,2024-01-08 19:00:00,26.10401623198925,16.356741182103438,75.96388659211816,17.6894579368218,40
188,2024-01-08 20:00:00,25.59301156712013,21.019271338936324,77.30684059519791,41.42777989530407,49
189,2024-01-08 21:00:00,19.837045818009035,29.16344177290563,69.89909420855972,39.46464241598428,40
190,2024-01-08 22:00:00,16.862055356117985,16.347012029375435,45.61721145396018,15.389791584037283,26
191,2024-01-08 23:00:00,32.944315159066534,26.643409203525465,84.43170184234978,45.68942219366296,82
192,2024-01-09 00:00:00,33.00836114326661,21.91766113905913,70.24393871435004,47.6407508501253,84
193,2024-01-09 01:00:00,27.66202914546536,27.41831035534954,63.6264378588264,16.33712710150204,65
194,2024-01-09 02:00:00,21.78059582097401,15.914840676250256,36.65936815280887,17.721247439652743,60
195,2024-01-09 03:00:00,21.984191492253217,32.430736123047524,56.82333262838553,25.28170767109794,93
196,2024-01-09 04:00:00,29.519113577404788,34.46977938354794,57.62149627211558,47.05604062668368,37
197,2024-01-09 05:00:00,32.94220519905154,34.377557105713834,81.87381657136021,43.815971657115576,49
198,2024-01-09 06:00:00,32.741728485302346,29.99303663485849,62.798893211267306,5.12839812917949,40
199,2024-01-09 07:00:00,30.59751091715248,17.60172480261264,52.824032938224576,19.63653716357081,24
200,2024-01-09 08:00:00,27.84063292308576,30.16526391858045,88.60801971063955,27.668559487488597,22
201,2024-01-09 09:00:00,16.682799299900978,15.49173832917603,36.643235599578944,25.156623627577,42
202,2024-01-09 10:00:00,18.23257428189228,15.442471030579943,55.35290569871668,9.693153396844634,71
203,2024-01-09 11:00:00,32.97108377054158,21.472204382990824,32.52148051028432,42.94083855840773,27
204,2024-01-09 12:00:00,27.1285811931918,24.77286380809332,74.39424724601582,33.84703914984187,20
205,2024-01-09 13:00:00,15.183941032332593,30.408148356155863,85.08459313194903,41.89541874259018,63
206,2024-01-09 14:00:00,17.02943085732064,28.665907532130102,46.80223977302937,42.93821396747361,73
207,2024-01-09 15:00:00,28.270035382161115,23.918054127534965,81.50050060794726,37.41779268328699,72
208,2024-01-09 16:00:00,15.101231676924376,20.47253332563332,47.53309382771387,21.960530062485866,25
209,2024-01-09 17:00:00,18.216161028349973,34.94249000315422,84.64620969863492,30.527337750771228,82
210,2024-01-09 18:00:00,25.974675787331723,23.523626044719457,75.23771421580705,8.018270305987157,99
211,2024-01-09 19:00:00,28.837903953853864,24.02774048659351,78.29440661048632,33.68227087374539,82
212,2024-01-09 20:00:00,28.03922519005201,18.272476423833385,31.08039333602727,8.962662786964037,74
213,2024-01-09 21:00:00,19.4853861892112,30.89619097499859,87.76862142444156,34.69747952550784,16
214,2024-01-09 22:00:00,29.24358442695072,28.87364451562977,73.6002595242194,11.479908037698433,20
215,2024-01-09 23:00:00,19.744981749936,19.41539225577521,48.285065723168,5.877565007510999,85
216,2024-01-10 00:00:00,21.50799396318536,16.647620912316853,79.76367989153081,8.26422450714787,91
217,2024-01-10 01:00:00,29.92982810236048,28.60998604149426,46.8912719048958,0.0996067609535134,18
218,2024-01-10 02:00:00,27.99265798094429,28.090224285622703,82.36523037396768,35.93698089267651,65
219,2024-01-10 03:00:00,31.98446820988356,20.465190539964187,36.75482342471622,36.62005245291896,75
220,2024-01-10 04:00:00,28.15225784600687,34.0172712450082,72.22115864764774,25.74666749566297,50
221,2024-01-10 05:00:00,26.36617206670943,18.02115783561801,62.44190859869462,8.068140052769184,36
222,2024-01-10 06:00:00,16.87349535656185,23.64669602085204,35.792068211726445,4.177716875534488,19
223,2024-01-10 07:00:00,22.35431606118867,33.872318403351976,44.51362969553034,0.9564483218643504,48
224,2024-01-10 08:00:00,20.30404735363451,23.39454633852245,30.74424217663889,8.287408848261036,21
225,2024-01-10 09:00:00,19.87979286758167,27.77051895328171,58.12607792787035,44.54277674915733,45
226,2024-01-10 10:00:00,34.46021109504891,22.951887959255885,48.07591564560002,12.076842085084088,58
227,2024-01-10 11:00:00,22.861954493335208,20.4843040469734,65.90144905786553,17.71356636086078,48
228,2024-01-10 12:00:00,32.84093110354227,34.67955295919656,47.83426846251703,5.267274224066659,9
229,2024-01-10 13:00:00,27.622772519945254,23.18668012630086,47.99514669041908,11.118065237408514,31
230,2024-01-10 14:00:00,30.896226070832967,32.881984073582686,74.5915919238962,25.961228539010257,91
231,2024-01-10 15:00:00,25.052741862103844,19.599092117821723,32.88857015870121,30.387634154782628,82
232,2024-01-10 16:00:00,26.53807769252718,19.262094080501665,84.17369971151923,12.267615708310553,83
233,2024-01-10 17:00:00,24.85035387637728,15.622681657690228,81.13583246347089,2.8866079612558604,47
234,2024-01-10 18:00:00,18.90485975596089,28.033336507517703,70.06828099358438,19.55164345636993,35
235,2024-01-10 19:00:00,29.44904230523011,22.370526874475225,65.59329420644306,11.710168546316709,21
236,2024-01-10 20:00:00,20.61544724881712,32.28716499679274,83.53814988837914,10.977696161490098,96
237,2024-01-10 21:00:00,15.486319328629076,24.464198133831143,41.11981077172287,47.99314013567276,87
238,2024-01-10 22:00:00,27.909445918143355,34.363868558294435,34.73814973144972,30.815024296286204,58
239,2024-01-10 23:00:00,18.542213588140974,18.71051031406242,44.370610194572286,27.843922158604794,66
240,2024-01-11 00:00:00,33.80917168705828,32.37246335911222,77.67469672201142,20.78875517616609,91
241,2024-01-11 01:00:00,34.07857154005175,30.531937055834835,32.080216003589,21.447216671507213,36
242,2024-01-11 02:00:00,33.29728780440897,30.41843689288104,64.96841010500938,27.04525019190404,44
243,2024-01-11 03:00:00,22.403174005108887,31.895664562337757,89.7262509714786,34.82149035180536,17
244,2024-01-11 04:00:00,15.309132330577349,30.220479818859975,81.34176563025237,35.107304809091474,88
245,2024-01-11 05:00:00,33.566371251754504,27.524406432628307,61.28674134261537,8.584695385272479,39
246,2024-01-11 06:00:00,23.563682966346285,17.624897553647752,33.81845455719854,25.00563760383135,9
247,2024-01-11 07:00:00,34.33309638087339,15.650523589825038,79.88241086314258,20.597904751705094,77
248,2024-01-11 08:00:00,34.272399541785056,33.41695695631374,65.93871049063263,43.52634831346921,33
249,2024-01-11 09:00:00,32.060189109347206,27.33300629041476,36.89597982357401,31.57094606091882,74
250,2024-01-11 10:00:00,20.888977841391718,30.930745819523526,35.63143708940137,26.62520332079909,29
251,2024-01-11 11:00:00,22.701954572038503,24.630447030251,84.57760916619554,5.769732108945869,99
252,2024-01-11 12:00:00,32.02273343033714,17.346163779247888,70.15201577628471,30.281894466170574,26
253,2024-01-11 13:00:00,21.338440103125556,17.50371584405101,79.75720795900534,5.860195284011671,70
254,2024-01-11 14:00:00,18.38985493372185,28.711305744579427,82.73873401693604,16.860328778287602,49
255,2024-01-11 15:00:00,26.136025249167005,23.60611789798925,64.30634112289934,7.142098240716593,73
256,2024-01-11 16:00:00,33.723095483215616,19.01049453400673,61.04678110530247,34.603682351218445,95
257,2024-01-11 17:00:00,28.92059593349946,24.83189093482874,55.82564461925941,10.31260569180763,93
258,2024-01-11 18:00:00,26.4012234017873,16.284178741502682,49.01679526746716,19.5929686594013,76
259,2024-01-11 19:00:00,16.943529875415372,26.63942803828797,56.07575765152271,44.78373888093893,5
260,2024-01-11 20:00:00,27.3001445339834,20.379868088701954,76.43277934380939,10.215819169948514,88
261,2024-01-11 21:00:00,34.801077002085265,30.951182012743764,66.11540586090788,25.39025319793896,48
262,2024-01-11 22:00:00,17.801680304730482,21.207239178471475,83.55139739729077,20.9635830583011,91
263,2024-01-11 23:00:00,25.366593047274733,24.104402981636024,56.60280086275127,0.9062020522864866,79
264,2024-01-12 00:00:00,32.54746143855911,15.232410798162013,66.42537472312524,39.63790567864064,43
265,2024-01-12 01:00:00,29.815372355084087,16.448937755891176,67.87845318551932,3.4522953157299865,58
266,2024-01-12 02:00:00,28.94031481990536,22.849871128133696,65.50182973837954,23.71275104884768,92
267,2024-01-12 03:00:00,29.049681679742186,24.59877669434247,72.15802638513098,28.03391474694749,79
268,2024-01-12 04:00:00,22.189823024395103,27.000410962386077,44.246008102488375,31.421322830729352,33
269,2024-01-12 05:00:00,20.871836885289863,20.833251574186065,60.74182665274744,34.431581465393776,58
270,2024-01-12 06:00:00,31.187223109570272,28.89963772253085,36.25348816850086,12.663619176135754,94
271,2024-01-12 07:00:00,31.202267893583617,32.202447943784094,53.07067965868875,0.4989388329224686,20
272,2024-01-12 08:00:00,32.341446371602075,30.597019777867,59.26002411727586,36.1721831177456,24
273,2024-01-12 09:00:00,33.26481105112943,15.792376506967145,69.13345557272835,26.78282996737893,50
274,2024-01-12 10:00:00,25.22684797721876,24.610138945156574,87.0318631551722,41.80588516036244,71
275,2024-01-12 11:00:00,25.030325893743992,17.098603568363497,66.03906399290136,41.06941814503472,69
276,2024-01-12 12:00:00,30.965903579335503,19.84090031725055,74.61563497059359,42.16630838939416,62
277,2024-01-12 13:00:00,27.999278615555305,34.73325186534293,60.37596356971217,24.25473299897701,57
278,2024-01-12 14:00:00,29.03933754515407,17.849910858030263,68.04624188257988,16.681419791843282,5
279,2024-01-12 15:00:00,30.91585338872202,24.97776306902712,34.25593296802641,39.5779101295685,85
280,2024-01-12 16:00:00,32.800106836351326,27.36311468636238,45.26349485051082,22.564705651462745,70
281,2024-01-12 17:00:00,21.759903137030715,29.04929941088208,51.711185592308325,9.172109820171723,33
282,2024-01-12 18:00:00,22.51165905279888,26.192973669738283,58.349601300390816,42.748700978073714,88
283,2024-01-12 19:00:00,16.87963879681738,15.195416948383674,32.738924730143026,44.12799383861736,74
284,2024-01-12 20:00:00,26.56560281992348,21.52922616487984,38.40144585319906,23.315487807008505,12
285,2024-01-12 21:00:00,15.718845475934842,25.35423286769423,46.60885846747834,3.784986365489373,33
286,2024-01-12 22:00:00,24.3119603626492,16.757329982896668,88.29196145406304,19.39130449584656,55
287,2024-01-12 23:00:00,25.85289269415153,22.012538624183616,49.88082042618305,40.17688297313017,37
288,2024-01-13 00:00:00,20.730825042565687,15.66406217582733,58.92246348672495,45.08870142731144,7
289,2024-01-13 01:00:00,26.81666521138021,16.571569943100414,41.76586276430358,10.173637124879791,64
290,2024-01-13 02:00:00,15.610004998780989,22.93846552403192,66.64680426454609,3.348680601263576,39
291,2024-01-13 03:00:00,15.746963774984287,17.654315080861206,46.84099293095846,43.86752265664193,73
292,2024-01-13 04:00:00,31.452011213193167,26.35081696523116,42.4195547063056,19.470246948943764,95
293,2024-01-13 05:00:00,22.20381282822526,28.789299382745316,60.99435770675875,27.08804821337816,80
294,2024-01-13 06:00:00,17.541210253037697,31.011733982181656,30.33034794962525,48.40329060253794,88
295,2024-01-13 07:00:00,25.44486520109609,19.0030048848962,30.45984195895352,3.3282363957111425,24
296,2024-01-13 08:00:00,30.399871061972217,18.3496516451814,43.14412854611147,32.41590037260478,77
297,2024-01-13 09:00:00,19.316420549936865,17.091356806688005,32.20328175004927,3.7052711287433535,43
298,2024-01-13 10:00:00,27.457809516380003,27.72860499087273,36.48154524784148,18.77344642332502,8
299,2024-01-13 11:00:00,16.70694929987536,29.129514529738024,50.33163896032509,40.190727259672336,23
300,2024-01-13 12:00:00,16.033634423372153,15.63172289651284,78.15514077478878,21.67361163778172,95
301,2024-01-13 13:00:00,25.62709263136296,33.7242449248738,64.32291860215804,49.85911769514752,49
302,2024-01-13 14:00:00,25.81270243220213,16.03942567302945,60.76006355738498,27.952964247330108,47
303,2024-01-13 15:00:00,27.74859802996413,25.82592670602141,47.6093293924873,16.058107631797675,17
304,2024-01-13 16:00:00,29.52182667445323,29.18121038901833,85.90522316596898,11.005566295237657,17
305,2024-01-13 17:00:00,34.517041589250695,32.41938247492171,53.8209024742315,17.52602671430809,64
306,2024-01-13 18:00:00,25.326006966023904,29.28173864264856,35.22556600774629,18.62666368797754,61
307,2024-01-13 19:00:00,21.45912945882492,31.03456166139584,67.02399096706807,3.4356838861980488,90
308,2024-01-13 20:00:00,30.90372389537407,21.78900385085612,36.83030360859608,18.47870997133866,96
309,2024-01-13 21:00:00,20.41664502524149,31.296502274930244,50.71338856810152,23.211925986961248,56
310,2024-01-13 22:00:00,23.77942841411272,16.6022969276935,60.44471632306853,36.13688761194023,57
311,2024-01-13 23:00:00,16.56912762684532,32.89633312121055,82.45335148111054,32.8364742360804,90
312,2024-01-14 00:00:00,15.50701486830915,25.95184752307473,59.61279482040712,35.438282761457714,47
313,2024-01-14 01:00:00,34.2529682935585,31.345955399249878,72.13552596189986,0.4181840938428549,87
314,2024-01-14 02:00:00,31.71960241024412,24.046365690366,89.56901033994421,10.883369979026805,76
315,2024-01-14 03:00:00,28.91948412187396,27.871553903930497,37.8893471938789,33.084214419992826,76
316,2024-01-14 04:00:00,23.1790588882854,25.528053218722263,46.48389153117117,24.19946840898736,46
317,2024-01-14 05:00:00,18.46588640141692,29.63179043510664,53.67456453585879,0.2656737834172973,94
318,2024-01-14 06:00:00,18.12874085342172,16.63259964061179,55.30969071232988,40.22473212159112,30
319,2024-01-14 07:00:00,20.004857963291904,16.207041679811276,54.66126451593274,38.64047866451687,27
320,2024-01-14 08:00:00,25.984533294122407,19.94206468020293,84.4566601533933,27.42095814967813,47
321,2024-01-14 09:00:00,29.291918454001248,18.190893602263767,72.84195866801139,3.323166288813606,81
322,2024-01-14 10:00:00,28.203947534354626,32.435671331844034,66.47431284544223,38.32575247662923,32
323,2024-01-14 11:00:00,20.598677938918858,19.384279747160885,48.56236307176693,29.1856793865682,13
324,2024-01-14 12:00:00,34.097305613263885,34.51730511638263,79.42742305327768,39.09799885789796,24
325,2024-01-14 13:00:00,29.75793833391537,21.737915835422136,87.30363068909934,37.58734961979202,60
326,2024-01-14 14:00:00,26.08708105022801,18.642358313773983,79.2718969530136,40.15010359789186,87
327,2024-01-14 15:00:00,27.234414924687044,30.79397014284958,30.09390631148837,25.90040332023124,43
328,2024-01-14 16:00:00,23.3920012485558,28.17415551001752,68.18408221100442,7.016225909675749,55
329,2024-01-14 17:00:00,19.95461979002315,24.96391432906278,33.06812288652604,33.557873668984435,16
330,2024-01-14 18:00:00,22.119453573025236,26.107271018752627,45.456433220023314,31.02368925259853,83
331,2024-01-14 19:00:00,30.15692220928738,29.38403556544528,33.5714820208663,37.11265935995436,99
332,2024-01-14 20:00:00,15.287869772595116,19.56909482662597,66.22772717696327,8.494050302536765,59
333,2024-01-14 21:00:00,17.321452810138325,34.92667832113484,71.1953948095564,9.748759995014462,82
334,2024-01-14 22:00:00,15.920052840435057,34.49586324293566,36.86925828395431,44.52047586096642,15
335,2024-01-14 23:00:00,15.814576046379402,28.00651372693874,53.030332982698766,37.49888992260354,30
336,2024-01-15 00:00:00,32.10921168022014,18.990849018582903,57.37419053733253,45.411424435016144,46
337,2024-01-15 01:00:00,29.073157187600472,28.604564848625827,52.14318130565499,37.93576605819604,31
338,2024-01-15 02:00:00,24.483476581746505,16.443968179583518,37.26150002911158,29.85776529951509,15
339,2024-01-15 03:00:00,16.95668321302003,15.613050044116122,55.13686741124853,32.70663685139368,42
340,2024-01-15 04:00:00,24.832317502336647,20.153657770224275,75.07068286850509,44.456396197000494,47
341,2024-01-15 05:00:00,24.469435415611315,24.252459134786328,34.26045987199533,28.940337725597026,23
342,2024-01-15 06:00:00,18.464037398200304,32.36545010816761,34.810800844914205,31.61956621641937,68
343,2024-01-15 07:00:00,23.67703298475946,29.54338139532616,51.28627751015905,7.823835800180029,10
344,2024-01-15 08:00:00,22.97009468794747,29.85413042399962,86.5035426971355,23.69606100580513,50
345,2024-01-15 09:00:00,27.31700196104433,23.50986668896151,70.11435880337484,35.81985559790495,46
346,2024-01-15 10:00:00,27.701873017352877,21.91869985093926,70.7201974003539,13.54713491581827,96
347,2024-01-15 11:00:00,15.90608019544089,22.420775259692054,51.715199450271896,10.112709026226746,69
348,2024-01-15 12:00:00,22.492252292529425,34.752991274721154,65.6196474725123,15.69134041122078,76
349,2024-01-15 13:00:00,27.517198314284727,15.80218382824965,30.6078710416646,12.075031399641672,63
350,2024-01-15 14:00:00,25.062725171601755,32.34062992244897,68.16576278457254,10.745631851819793,56
351,2024-01-15 15:00:00,32.12979682376644,26.57350817144787,84.7972168545742,21.242542143404343,51
352,2024-01-15 16:00:00,28.173872632378902,23.77230838379181,66.75440810068915,45.39192569417671,11
353,2024-01-15 17:00:00,18.258688541628597,29.50515320830273,82.42191560798071,25.352982336935916,15
354,2024-01-15 18:00:00,16.411374948008596,24.733378828494057,73.43838332796562,9.396019040766152,65
355,2024-01-15 19:00:00,27.84838556412631,32.468464761633214,37.23350498422141,3.848583469043704,72
356,2024-01-15 20:00:00,15.530226210832437,33.01403728022517,84.14719843715051,34.80780725689626,29
357,2024-01-15 21:00:00,26.715511625469265,23.434418537469107,33.986630661346496,19.139938221819392,16
358,2024-01-15 22:00:00,33.80460482849915,20.536555944701032,62.03804835286583,41.09154732926796,30
359,2024-01-15 23:00:00,26.50948355751758,26.847006571867244,38.52822742760746,32.97553843203851,16
360,2024-01-16 00:00:00,22.76339852413044,33.24726691233382,30.702396643854243,39.81207252706842,47
361,2024-01-16 01:00:00,27.865764368847064,19.21324378011333,55.32205560765834,13.597301970922436,55
362,2024-01-16 02:00:00,24.165057809830333,27.459331671269656,47.702442459249376,34.6179461230529,41
363,2024-01-16 03:00:00,25.9123357863187,27.63120440185041,59.16002962785618,13.203099234685938,50
364,2024-01-16 04:00:00,33.8292961755305,29.66226044830562,64.63199320407304,46.95342397251458,57
365,2024-01-16 05:00:00,22.722052756015486,17.631353702545198,32.624344338536844,31.81871407666872,92
366,2024-01-16 06:00:00,34.22381127647829,29.31649929364177,37.38019770742474,16.225590008767103,84
367,2024-01-16 07:00:00,33.107012839121275,33.18065041331282,63.51854378702552,13.475593114613632,17
368,2024-01-16 08:00:00,18.915822695785927,18.59366217740484,50.59004119035949,9.546329253582176,93
369,2024-01-16 09:00:00,16.38722601750331,19.750866498477556,73.75040925296688,34.73204794468639,58
370,2024-01-16 10:00:00,17.01556002754853,34.42790188083279,69.13749891551637,10.935780649896364,61
371,2024-01-16 11:00:00,15.364436513030997,18.619539054189797,80.73626177939441,29.765163296374453,8
372,2024-01-16 12:00:00,16.88885921511857,32.08770186739159,71.54956960015352,13.231751346267869,79
373,2024-01-16 13:00:00,28.660135468327137,24.845557128960696,55.79586464340889,33.09844723969343,53
374,2024-01-16 14:00:00,16.42377296920458,19.94462148806354,70.37799734366595,40.74698642702696,11
375,2024-01-16 15:00:00,21.379512605875227,32.41499802545023,46.52287045532511,38.90126215723266,15
376,2024-01-16 16:00:00,31.89750621938909,23.90610510005331,48.37880992669276,38.042566546539085,96
377,2024-01-16 17:00:00,15.465438714716518,25.296347078593804,77.3391095952476,9.386120284612604,58
378,2024-01-16 18:00:00,31.28936965177872,22.18466738799531,56.78517098409493,4.419247349225936,91
379,2024-01-16 19:00:00,20.637095495468,26.85901702869855,77.90282043110115,34.94744142436928,49
380,2024-01-16 20:00:00,17.363296552433127,18.27047745170045,79.3453424200967,18.417360689717565,27
381,2024-01-16 21:00:00,28.93474330728301,22.821630733035214,81.45374025967703,21.617311320167364,32
382,2024-01-16 22:00:00,27.57885693559768,34.38824644670575,84.99811415047245,1.5574546396695532,61
383,2024-01-16 23:00:00,32.549440270541055,20.16266865402255,55.859113230797774,12.97882246375246,30
384,2024-01-17 00:00:00,29.70142087607772,28.13473329082584,49.13200909926833,1.6838201937232011,29
385,2024-01-17 01:00:00,31.06961860769697,21.503801284493896,64.93192479564684,43.95928863006238,58
386,2024-01-17 02:00:00,20.64069145142613,30.46946251373201,52.27034540625765,12.169834160926523,33
387,2024-01-17 03:00:00,18.548790875594456,17.617473214366996,66.06445000801398,27.866858478650403,87
388,2024-01-17 04:00:00,30.012295032817168,34.39642090157089,72.33515175862948,1.9489660330565208,40
389,2024-01-17 05:00:00,31.13669478534528,24.075790827672783,71.30430110952821,33.3423695652829,18
390,2024-01-17 06:00:00,34.81010284001347,19.72100926692928,52.47317322120728,16.151367287704694,82
391,2024-01-17 07:00:00,23.25235353822853,16.469934946600254,40.01161210192517,44.89595934788329,39
392,2024-01-17 08:00:00,22.440361715855666,18.395158101750816,55.83176030773245,44.40590944670179,34
393,2024-01-17 09:00:00,30.52825921483993,25.395478971120355,38.55564864491453,16.264530918087388,96
394,2024-01-17 10:00:00,21.81607080506036,21.74006352862573,83.4058221110285,45.04804478452339,21
395,2024-01-17 11:00:00,33.61514651207129,31.57766731765219,50.75264764427145,49.80788367493894,71
396,2024-01-17 12:00:00,32.16825503686024,23.61775047323612,39.26758483339943,41.2707832061974,84
397,2024-01-17 13:00:00,23.57988054750037,19.9742854517526,31.52686559434505,42.24356738776145,34
398,2024-01-17 14:00:00,30.017421355829946,27.342899732080603,68.74934317718905,12.450436805454496,97
399,2024-01-17 15:00:00,30.090857481693646,29.135544337708914,68.21413904728459,28.83511994288781,49
400,2024-01-17 16:00:00,17.062477376718654,18.340838158019,50.4362499948775,3.3627956983683926,83
401,2024-01-17 17:00:00,33.05105813359133,18.35238432576635,34.30271333085906,4.745896841083486,93
402,2024-01-17 18:00:00,25.105047448957144,15.73342853867086,54.57773369371392,49.94463060166453,55
403,2024-01-17 19:00:00,31.529149322154836,29.72804030131281,48.67304970380361,16.331962471295547,51
404,2024-01-17 20:00:00,21.40099202061224,28.276090552436106,70.62723838410056,37.40919560244232,57
405,2024-01-17 21:00:00,32.91046456992401,24.49261751499628,66.34675496716142,40.33325265134082,68
406,2024-01-17 22:00:00,22.784033574683264,31.883408979383944,51.8756236918524,42.90116355036146,42
407,2024-01-17 23:00:00,15.216753029605968,31.113403059001065,43.0735532552994,49.88141487010783,68
408,2024-01-18 00:00:00,33.10763952838528,26.70708728793504,89.28215796933551,12.074824262843393,91
409,2024-01-18 01:00:00,16.82573353572267,32.36542561026518,57.24009727176689,2.0175413429849853,93
410,2024-01-18 02:00:00,21.3862727518083,19.116824200735365,71.29645414681423,20.5595758997293,11
411,2024-01-18 03:00:00,34.0012393410161,17.23839238795456,38.43317805470164,6.504033491447347,26
412,2024-01-18 04:00:00,34.012142938751126,20.394992230339792,59.13538197956387,1.1212944581027562,85
413,2024-01-18 05:00:00,26.46875776246572,16.141737121786296,31.652203192167928,18.021341357074306,86
414,2024-01-18 06:00:00,27.636744243395984,25.62339056002064,60.327307074627,39.18691255376182,45
415,2024-01-18 07:00:00,23.968910439566397,33.73211384589923,87.84104442706214,28.309034561253544,78
416,2024-01-18 08:00:00,20.86421543396129,15.786870813370191,53.05240277914801,15.638899460517704,14
417,2024-01-18 09:00:00,21.57329090739832,17.442198280200536,32.3397607544947,32.71710027463598,61
418,2024-01-18 10:00:00,28.450369121540767,24.043980565668704,31.85734745516061,11.600909015440536,11
419,2024-01-18 11:00:00,30.0474905887536,33.6775003505581,53.27920559681217,0.7190723036042512,54
420,2024-01-18 12:00:00,30.83158087451697,21.32312209953501,39.60149618779164,38.21766932182137,95
421,2024-01-18 13:00:00,30.79236285589108,25.144696173767848,31.40112577969116,31.187154243200453,56
422,2024-01-18 14:00:00,16.824122060973806,15.831457181007842,75.37281683701062,38.115131225048,37
423,2024-01-18 15:00:00,24.88840609405163,17.966864019241775,57.51138053291344,1.9469008343832803,5
424,2024-01-18 16:00:00,16.151175200332887,34.73260245917694,47.35468631835927,41.85598139153261,57
425,2024-01-18 17:00:00,25.990577646474712,34.30237392872091,84.00499098098885,30.976310001815165,64
426,2024-01-18 18:00:00,23.83061002746754,15.098799618688192,36.96833761203153,28.169767535632005,38
427,2024-01-18 19:00:00,32.754083655166,34.03623570846478,87.35512973731915,31.23070240572658,8
428,2024-01-18 20:00:00,22.018300251041573,27.78239875631001,48.83800304264117,43.2216623434182,21
429,2024-01-18 21:00:00,17.341340328552118,32.35836589040044,83.30422033852088,29.346825327945357,8
430,2024-01-18 22:00:00,17.859833641056717,24.09479711267718,66.1765725887677,29.047518994408968,47
431,2024-01-18 23:00:00,30.23021263434945,25.31192057158501,79.60244158448924,49.53395785328829,94
432,2024-01-19 00:00:00,27.364361266325226,24.776931605138405,89.04078979262786,37.8365083534284,8
433,2024-01-19 01:00:00,17.022453522455805,28.337285150922085,47.30432626912474,22.114690272556764,5
434,2024-01-19 02:00:00,16.682136122299948,17.793025095126257,87.66812912445558,35.369850001646384,75
435,2024-01-19 03:00:00,29.0193826291824,15.59947179745356,53.36891369414522,19.461523584589425,98
436,2024-01-19 04:00:00,16.45526012728387,21.158598831823817,53.130714284215344,11.44377312417495,54
437,2024-01-19 05:00:00,31.43720118580713,29.09361525473293,50.42322625527034,29.84259384438797,77
438,2024-01-19 06:00:00,29.124844543129925,19.037069042458967,62.48445644085511,46.409104905697575,65
439,2024-01-19 07:00:00,16.626975612837995,28.468648666498343,39.24870259070923,46.45697600077314,39
440,2024-01-19 08:00:00,16.69675428170384,34.398240922145405,63.22268912148067,17.095263905274514,12
441,2024-01-19 09:00:00,34.73279157002351,16.878014315788366,62.50228874460024,26.38387331108475,28
442,2024-01-19 10:00:00,22.48541591512241,28.452042364502525,75.7141087562922,10.58179492849306,87
443,2024-01-19 11:00:00,22.412842941337814,23.875004386091423,80.01899771625514,49.78155547494417,40
444,2024-01-19 12:00:00,31.25599134515005,32.362845087550106,56.42648101874544,49.05589539339679,54
445,2024-01-19 13:00:00,33.94497154767717,18.54299578894772,48.13999496108963,32.475446485372366,47
446,2024-01-19 14:00:00,34.720021276457416,28.85251904452329,45.56009383902567,40.22070298387367,31
447,2024-01-19 15:00:00,30.067563705178834,31.76230579296221,41.67743020229232,35.755008064185,36
448,2024-01-19 16:00:00,22.52519171061832,33.892284389480466,33.458854931941495,29.65791095197341,82
449,2024-01-19 17:00:00,16.670014333973377,28.66496056579292,50.5468787300828,2.6673998494448847,22
450,2024-01-19 18:00:00,30.54293831854873,24.94349528016855,46.21486152784699,22.738217127633053,32
451,2024-01-19 19:00:00,26.1680849947161,27.35694480402428,87.98504315198444,33.739315108370526,33
452,2024-01-19 20:00:00,23.48444018493953,32.37809968957436,63.46252957500264,33.876580694184234,20
453,2024-01-19 21:00:00,33.12708770189472,26.412194932776597,50.83662234183045,18.65613092111918,51
454,2024-01-19 22:00:00,17.223949646123028,15.607741193936738,64.82805605962176,47.084599332901526,63
455,2024-01-19 23:00:00,24.852502085817186,33.61897391013956,38.35180208074173,8.36785161183905,35
456,2024-01-20 00:00:00,15.227072895348382,28.790535020631225,56.642624952132174,25.01797231077803,8
457,2024-01-20 01:00:00,24.373212839882527,28.53026771554493,67.57405928526383,34.54419882754114,41
458,2024-01-20 02:00:00,16.126065513636746,19.31350304795434,59.33386990754708,34.85679029459046,21
459,2024-01-20 03:00:00,17.376358325361437,28.177709404653143,54.10672803925945,32.43194783844078,43
460,2024-01-20 04:00:00,17.350524935542097,22.877288113083168,89.63090333398189,13.764410672593009,52
461,2024-01-20 05:00:00,27.984206042321272,28.02465954082984,82.81888572893561,7.810328434331098,50
462,2024-01-20 06:00:00,29.920897585308467,17.131860606159815,67.40435748956641,31.797016341335546,94
463,2024-01-20 07:00:00,26.667375301943192,28.156906092060723,64.16264167093696,29.965105806971888,52
464,2024-01-20 08:00:00,34.24345096949084,34.98827451541333,67.23962878947503,8.967800514462049,43
465,2024-01-20 09:00:00,22.49741159047408,15.96424077721112,42.078726469346,35.25695727852817,8
466,2024-01-20 10:00:00,20.714241725637216,34.54348368442635,53.70826459585912,22.75859958668282,34
467,2024-01-20 11:00:00,32.3719825637892,23.13815921445741,32.36757197345396,33.38802958015765,34
468,2024-01-20 12:00:00,19.47191677038905,32.415069006745185,58.5327622492096,41.868353988507536,26
469,2024-01-20 13:00:00,34.264450788812226,30.64770968116547,62.58147503745979,8.486421428846159,79
470,2024-01-20 14:00:00,15.243089493796326,26.340325219733355,43.664984166192575,0.957243399841834,70
471,2024-01-20 15:00:00,34.397576534152776,29.76898418502653,87.84173082993082,38.955129319789336,16
472,2024-01-20 16:00:00,15.863198239011522,32.57031122602696,84.56727665623453,30.4848712576308,98
473,2024-01-20 17:00:00,32.82286227396142,23.082806433020657,73.32859412735435,34.98197848110608,40
474,2024-01-20 18:00:00,25.554022181726,21.540663231264773,62.00319772592175,41.90774874943213,22
475,2024-01-20 19:00:00,34.85929592238601,28.35186771127169,82.19814957886109,40.14054674122502,94
476,2024-01-20 20:00:00,16.475931294707976,31.15691883882517,37.83914062940777,48.04600734644124,57
477,2024-01-20 21:00:00,26.07708568802641,30.24570269553232,77.4305876564931,26.79675394260591,75
478,2024-01-20 22:00:00,34.38605071238198,30.956272977172688,37.489248838010894,24.42478163299527,5
479,2024-01-20 23:00:00,25.461956883402976,23.71166629625866,77.65263975296432,20.094359994536504,62
480,2024-01-21 00:00:00,27.58797276270525,31.35668432350043,46.546054095081416,7.684552142210227,94
481,2024-01-21 01:00:00,28.914973779692343,17.404181107412168,82.62543486109134,28.63036164410112,91
482,2024-01-21 02:00:00,24.090821295355465,25.88978195921699,86.64252562952387,13.85062621629894,94
483,2024-01-21 03:00:00,27.55116160168127,15.115173209962432,38.92775816430694,46.06537561064877,10
484,2024-01-21 04:00:00,26.686286238462003,21.491716598005404,57.760536303923615,29.15954021385488,74
485,2024-01-21 05:00:00,33.02316020981978,22.32923069742796,88.8592426897611,29.642009025405507,48
486,2024-01-21 06:00:00,15.908927606829158,22.923453832185107,59.0044461583888,17.746233043850502,76
487,2024-01-21 07:00:00,20.61926379184461,28.909344133797244,81.8128513508727,2.5994675988853744,28
488,2024-01-21 08:00:00,34.008229681531176,22.77116202540692,65.32389132787918,1.587188268649431,90
489,2024-01-21 09:00:00,32.80527567781833,23.97387245245061,52.51979447517611,21.166757207659877,23
490,2024-01-21 10:00:00,24.11313505571426,19.75088261748655,47.147013331552216,4.228268904861893,22
491,2024-01-21 11:00:00,27.40265195603073,22.4650358325868,42.19338546516524,30.34234777700696,99
492,2024-01-21 12:00:00,20.54762365962265,19.545392545263027,75.70789148266184,44.04865028198287,34
493,2024-01-21 13:00:00,18.762423194475225,16.46391847536887,53.19243040938167,44.14574082593611,46
494,2024-01-21 14:00:00,24.27396809879964,27.06897186762756,60.67652773204507,32.95227050661162,37
495,2024-01-21 15:00:00,22.06704456052105,28.364255971100327,59.53952880007091,10.56159157364655,78
496,2024-01-21 16:00:00,26.67312223701744,27.38980692019229,64.63674175398788,43.1498415679436,16
497,2024-01-21 17:00:00,16.554692739299696,24.26988087601145,81.93462873747313,44.30467176566041,98
498,2024-01-21 18:00:00,34.487896153323334,22.595715603584598,88.84436061500577,9.832679247647937,31
499,2024-01-21 19:00:00,34.72421488959206,32.26667299143651,54.45505251442901,36.87130428853386,43
500,2024-01-21 20:00:00,28.963234280394904,25.38163570272436,79.65113532637818,14.325977446356148,13
501,2024-01-21 21:00:00,25.72192732688241,24.58363755259462,75.87166767928306,40.13201561764648,25
502,2024-01-21 22:00:00,21.19055232572656,15.512841316128714,64.41173708733439,49.86189499518014,80
503,2024-01-21 23:00:00,31.27590039413897,21.82495655252313,87.36282861671599,1.5013002664696409,33
504,2024-01-22 00:00:00,28.694623451077582,22.60391237571714,42.02847093170416,44.86829328954659,37
505,2024-01-22 01:00:00,18.252338786897827,22.976455617938008,36.55585261857728,31.131526679932904,66
506,2024-01-22 02:00:00,33.21854368987685,26.603447384546648,81.23771801732534,48.669130958241055,19
507,2024-01-22 03:00:00,31.45074485846338,25.67205093453757,56.34898899802489,23.25047587632138,6
508,2024-01-22 04:00:00,33.99599826583848,27.15810185586889,80.81813125242363,42.369396528568686,56
509,2024-01-22 05:00:00,29.5143901677672,30.297665230842565,83.5854123117249,3.1197034299138613,48
510,2024-01-22 06:00:00,27.2683039187158,31.25971477432187,33.74745561714428,16.763952503914787,58
511,2024-01-22 07:00:00,23.364860725812377,29.362461524529888,83.00788577916364,3.3508268875604985,22
512,2024-01-22 08:00:00,33.65456966708027,34.110473919098695,56.89914332216533,48.76715667395353,7
513,2024-01-22 09:00:00,32.32127779000817,15.364651653527233,60.62594934025393,40.84869536359184,11
514,2024-01-22 10:00:00,15.904373402123788,18.915559713670923,67.59555066559261,42.62737106229852,47
515,2024-01-22 11:00:00,15.52733948994504,15.151257499562842,85.58295640380521,46.89826157169471,86
516,2024-01-22 12:00:00,22.52926733756099,27.949494283092054,31.14696566578584,4.255174305989268,42
517,2024-01-22 13:00:00,31.211066615636657,32.96061097899974,58.61060809906903,19.27987962566667,41
518,2024-01-22 14:00:00,34.74552258629889,19.869645931525987,71.26332254583363,3.551744452200106,62
519,2024-01-22 15:00:00,18.008337822070565,33.54069089592613,73.3624174618937,10.53965507750143,37
520,2024-01-22 16:00:00,26.8826143070427,16.205347805791217,71.55194589222648,11.468288851883615,63
521,2024-01-22 17:00:00,22.61781713262043,33.68872053611028,38.06610776448731,23.45536055237893,99
522,2024-01-22 18:00:00,34.398287956292066,22.03245374479269,47.96373530230088,13.428108372682129,15
523,2024-01-22 19:00:00,31.842378462714173,17.02841656898433,51.52293152502081,5.048905340888055,72
524,2024-01-22 20:00:00,31.76657409422276,24.717435183726515,78.2662324607703,8.374554454705386,86
525,2024-01-22 21:00:00,24.373863195899403,20.13553135441016,46.72559234487318,7.363778177604546,72
526,2024-01-22 22:00:00,23.296390046753302,20.69745803923845,42.64229783203219,48.65383989561492,97
527,2024-01-22 23:00:00,20.46814143861413,21.14579929852573,87.44688114228578,37.96462534592368,92
528,2024-01-23 00:00:00,16.127509933018544,31.060517956653268,30.53179710680813,48.3880732634781,26
529,2024-01-23 01:00:00,32.29444752510106,25.78322553350509,89.8692513409187,21.987024325395428,70
530,2024-01-23 02:00:00,31.258020182601552,21.22615398312007,70.60927793144373,13.91842408313283,48
531,2024-01-23 03:00:00,34.99435346572261,27.206675666218366,79.70815796694703,39.91465986045933,10
532,2024-01-23 04:00:00,34.93273674147811,29.32301348446387,47.67716378077159,16.31269590205734,46
533,2024-01-23 05:00:00,26.10863411205255,20.45248001467068,30.8589166600236,14.969168685267414,29
534,2024-01-23 06:00:00,30.37974830361021,23.270982030507028,74.2721711136918,11.62529961039156,61
535,2024-01-23 07:00:00,33.895314597648564,17.43772186673895,80.04867582004054,6.483948911211767,89
536,2024-01-23 08:00:00,31.99294781354823,18.622986990693605,74.42856791721115,12.823153050838298,59
537,2024-01-23 09:00:00,19.94696203486395,28.62235707929965,38.57101723805032,17.765987423694384,20
538,2024-01-23 10:00:00,24.01088270620187,18.62876695391254,75.20567533541814,33.69971040728652,99
539,2024-01-23 11:00:00,17.5831883030299,25.5032676733412,76.13536692645846,3.128242110972579,18
540,2024-01-23 12:00:00,34.08102054517445,29.18092523444865,69.5124309402033,10.525346983267148,43
541,2024-01-23 13:00:00,27.123492689017603,17.137538461894877,75.96695596773517,40.45118201458382,32
542,2024-01-23 14:00:00,19.572856110069253,26.346244392578072,80.75528638066393,7.346096179188538,96
543,2024-01-23 15:00:00,28.434013688117133,20.13125567402728,66.81624685424751,17.132257326126076,55
544,2024-01-23 16:00:00,27.36256480915792,34.2585375047516,35.31628283818074,43.23294609290701,53
545,2024-01-23 17:00:00,22.163254360656808,24.67091293439849,59.25766858003265,7.746265557172133,13
546,2024-01-23 18:00:00,17.27115184399258,31.119850995503164,34.6589600802963,4.136841780909495,62
547,2024-01-23 19:00:00,28.431463911855992,26.004530843125234,54.45258186194585,24.22689975400054,49
548,2024-01-23 20:00:00,25.406154018075867,15.868250657096382,54.42638934753766,15.12097556392682,26
549,2024-01-23 21:00:00,30.446367834712788,27.663027511880447,33.960590648414495,28.170418224192705,36
550,2024-01-23 22:00:00,25.403270022239862,34.028066844133136,50.92923203816876,40.19024452417376,73
551,2024-01-23 23:00:00,32.043630006370805,27.032236402926625,36.65988592747889,6.857424407637158,91
552,2024-01-24 00:00:00,26.03813677548971,31.3837771885358,78.49411260055334,29.03495422771425,73
553,2024-01-24 01:00:00,26.218759430707728,32.68412926696816,86.86128155786824,25.2754380194932,46
554,2024-01-24 02:00:00,32.533072053166904,19.56159543897865,34.33898851547632,7.203939300659979,57
555,2024-01-24 03:00:00,23.06965732424794,19.24089679816453,87.30691243750209,31.19992427644912,63
556,2024-01-24 04:00:00,17.680304569012815,27.21961977701984,61.35459596020471,13.682020893038583,78
557,2024-01-24 05:00:00,15.57565352626678,23.220569396134096,47.973940677232434,24.391715927200625,43
558,2024-01-24 06:00:00,30.10274511347238,31.79722605733441,34.61172451656981,4.113616213853094,19
559,2024-01-24 07:00:00,27.40619102706929,33.00046246796022,60.03745608422507,22.979202860681152,75
560,2024-01-24 08:00:00,29.08159536198447,22.06842758605436,77.67093266944492,15.323173402141016,33
561,2024-01-24 09:00:00,19.25928323017821,19.73741117948964,72.42518863600189,41.11906055926772,7
562,2024-01-24 10:00:00,17.727429511735394,30.61051030487724,33.01356068783843,2.848936349868414,87
563,2024-01-24 11:00:00,15.29089331335764,20.49612071096272,34.374110122074214,20.930363745916495,14
564,2024-01-24 12:00:00,22.011751176131938,31.45228637027357,54.17239695795823,22.9215712065719,96
565,2024-01-24 13:00:00,26.79835373709266,23.474765072975256,47.7174296428766,36.250303814955934,33
566,2024-01-24 14:00:00,22.84488090199465,28.35099798582941,43.94305938336287,28.714378754510548,83
567,2024-01-24 15:00:00,23.749498440474586,16.910706276693364,46.86026993452282,33.360616859709054,39
568,2024-01-24 16:00:00,33.08317388987497,27.477186493531462,78.20896459781308,38.8524642825878,10
569,2024-01-24 17:00:00,21.965109340466007,24.035353574744583,85.75368321791123,43.11014868290944,16
570,2024-01-24 18:00:00,25.27978978319621,26.732169263509483,54.30616167165398,15.693774836123524,42
571,2024-01-24 19:00:00,30.67306025482286,18.36028415489727,84.36666012794981,26.901135268195148,81
572,2024-01-24 20:00:00,22.930855646425403,29.73747489888364,49.28974207487292,42.00540392196,97
573,2024-01-24 21:00:00,27.441734004557468,32.25594155086457,58.586219180627495,49.472556548252825,23
574,2024-01-24 22:00:00,32.2472741749349,19.334796001815512,43.56173986895998,44.47596555218816,71
575,2024-01-24 23:00:00,33.990412473152844,16.914291110403234,68.42856253055064,18.57336313121884,12
576,2024-01-25 00:00:00,17.941469618580758,15.472771720926728,88.73886691048853,9.75832586093252,12
577,2024-01-25 01:00:00,33.53175250322989,27.83943000886532,66.20958576260273,24.469626870329435,88
578,2024-01-25 02:00:00,24.84232586159077,27.14188072177561,51.46884504681293,37.08207259180211,51
579,2024-01-25 03:00:00,20.164887765979167,25.9339482542814,68.86904675943171,24.62845353766488,8
580,2024-01-25 04:00:00,24.182715124765224,19.63894192231951,37.37524070792325,24.159043165683425,55
581,2024-01-25 05:00:00,34.60065150570954,22.81811991811029,83.31954481592392,41.91152105409003,89
582,2024-01-25 06:00:00,24.85236187985739,26.88952670372346,60.185037046790185,18.07018895335932,71
583,2024-01-25 07:00:00,21.57503220575016,24.93533717718339,56.96098452237853,42.98973374058228,49
584,2024-01-25 08:00:00,27.668017086334515,34.755710404297744,65.15188730721115,20.340240047586175,12
585,2024-01-25 09:00:00,19.802912375563864,17.72879505113466,67.48703176736414,16.41165528391697,91
586,2024-01-25 10:00:00,16.51726656217328,28.902891080951875,34.30654837359078,22.69949555998495,20
587,2024-01-25 11:00:00,17.577594438212984,23.086375362085843,70.95703327340414,38.12234793374342,81
588,2024-01-25 12:00:00,17.56091677915545,23.563992298512296,44.515900818931776,6.300101393199714,71
589,2024-01-25 13:00:00,18.03805387024589,29.35195531316353,72.83715795039538,9.82096079360087,13
590,2024-01-25 14:00:00,17.776543452988204,28.84872302648739,79.3520876630518,47.5722412831546,64
591,2024-01-25 15:00:00,27.817494896064293,34.825119874043764,78.23751045315122,8.77458136906787,82
592,2024-01-25 16:00:00,18.637601687982897,17.567885789082503,63.15005804447335,28.38636589655273,81
593,2024-01-25 17:00:00,21.913345666477262,17.082192987683328,61.21019353864507,28.965723333096893,75
594,2024-01-25 18:00:00,32.93576819812024,29.48677634257482,38.5725576803647,24.48122310251224,19
595,2024-01-25 19:00:00,24.47923280525745,26.56773834012818,76.52076902418813,32.23726242884093,75
596,2024-01-25 20:00:00,28.351154770420543,20.48321333119612,46.28456282680286,11.49133628988092,45
597,2024-01-25 21:00:00,18.4463974240326,16.588387379779732,59.80172536907679,27.63311338883741,26
598,2024-01-25 22:00:00,18.845780376173416,16.71316499192861,47.05644557565101,18.608662762344856,28
599,2024-01-25 23:00:00,15.817372325329575,32.883817493282365,38.02970177998159,33.08336298145945,48
600,2024-01-26 00:00:00,18.37870126144329,18.83734649437486,67.77346181350418,7.061177168657473,5
601,2024-01-26 01:00:00,20.57180678063917,21.46743124231041,33.25992208937423,28.543870841973813,14
602,2024-01-26 02:00:00,18.540209685534936,19.53312804453976,74.918714047572,9.263517769166183,84
603,2024-01-26 03:00:00,16.774050675141112,22.09992611663875,49.055207715667,13.93215315575182,76
604,2024-01-26 04:00:00,17.412717422012015,16.38847685492187,30.00808158026912,10.93549001617916,60
605,2024-01-26 05:00:00,24.215575360654515,25.38119581816541,60.66774835423379,9.141888993440856,93
606,2024-01-26 06:00:00,19.12667436811585,16.3522512718443,32.811114511656186,41.28554757803335,54
607,2024-01-26 07:00:00,22.28539722096151,31.007130156447232,46.57017346925397,14.285378383044517,16
608,2024-01-26 08:00:00,25.068345417097134,19.67424163820866,72.41858924734296,46.35618909322247,93
609,2024-01-26 09:00:00,28.807896572587307,25.800238292090214,33.76137729731195,48.49632626725954,85
610,2024-01-26 10:00:00,15.78624279682198,32.60158175122916,80.36030954136014,28.563023496854868,64
611,2024-01-26 11:00:00,30.988207978180853,28.01754738094388,30.229195359514986,7.15005613328632,30
612,2024-01-26 12:00:00,27.55800778981816,25.659155731026708,44.80943215211413,18.727412168979065,82
613,2024-01-26 13:00:00,16.635180638977438,21.486675062307512,74.45424336912428,39.8866131674107,45
614,2024-01-26 14:00:00,32.47157248213554,21.66003826116396,48.97620898375841,18.36953643485352,40
615,2024-01-26 15:00:00,33.417448010636264,28.3897391039638,36.11354328396081,4.350860915139437,27
616,2024-01-26 16:00:00,16.221559197097275,34.88278722442335,51.61403512802568,27.8392455464094,47
617,2024-01-26 17:00:00,20.53755296294408,28.236783796987574,46.22359718307153,42.25604257480174,10
618,2024-01-26 18:00:00,31.124025595861227,26.1556683474005,80.56271412963329,39.79631935717512,73
619,2024-01-26 19:00:00,29.965193807673167,29.61301020478492,48.80087505510859,8.756157006517661,47
620,2024-01-26 20:00:00,18.690420387127546,24.30411224567436,77.33594830656043,33.63823072062333,29
621,2024-01-26 21:00:00,19.186986466734204,16.202846852015703,83.51232868864409,11.025213171782354,22
622,2024-01-26 22:00:00,22.40944205582764,26.2459363175582,56.02904517459177,10.910376727608613,66
623,2024-01-26 23:00:00,24.690459703820427,34.1525056901076,84.59658863126353,43.70358866525926,17
624,2024-01-27 00:00:00,27.36509543060592,18.50605884715319,52.63908323779157,12.483447637011508,47
625,2024-01-27 01:00:00,22.37827279139545,28.800097816413317,87.8447049894065,13.16236732590056,82
626,2024-01-27 02:00:00,24.25069432266296,19.018673773181128,35.35737147153438,0.0326695380649777,32
627,2024-01-27 03:00:00,29.94941876267513,25.716553689461627,71.22115599019457,43.53345170627588,22
628,2024-01-27 04:00:00,15.733664057811955,16.93352899293439,59.62884242741572,39.62974066045673,63
629,2024-01-27 05:00:00,20.04873888688041,24.007418725163703,53.25892832733882,31.3664467545339,64
630,2024-01-27 06:00:00,29.26699171769105,30.12326657790492,67.96271272491606,37.51328819694211,67
631,2024-01-27 07:00:00,32.904136753743984,21.95143048477964,72.23142549805988,7.60242837122459,61
632,2024-01-27 08:00:00,25.23354884231332,28.29823448974436,30.261796179018543,22.91617972937877,96
633,2024-01-27 09:00:00,25.642269705306312,30.908999215794584,40.01718532483192,17.560969367439043,55
634,2024-01-27 10:00:00,17.14344022679552,33.54355638958906,72.78276303805913,4.688826312850825,60
635,2024-01-27 11:00:00,23.94824733646909,19.69284163710907,69.98312481469239,24.306524260746205,31
636,2024-01-27 12:00:00,25.652345329100463,22.986318316186164,87.96285030772063,46.03698251713177,36
637,2024-01-27 13:00:00,19.849410072694592,18.04832026660835,75.66226741504698,2.002955952534724,13
638,2024-01-27 14:00:00,20.38486461898762,34.84967004316751,87.04636246388029,14.573045674689697,88
639,2024-01-27 15:00:00,22.545683262092453,33.54001935848591,72.15243009208842,10.377046810285172,96
640,2024-01-27 16:00:00,15.401423955554527,25.79914260561119,47.883132518366594,11.907332683284816,72
641,2024-01-27 17:00:00,21.441583311663564,31.840665887528424,36.32189533505139,45.42172759396876,50
642,2024-01-27 18:00:00,19.22896013993089,25.41915954544084,76.90943180069613,23.403452711714507,71
643,2024-01-27 19:00:00,21.54994704355829,27.471713760055195,68.64895328855496,23.31497064699094,30
644,2024-01-27 20:00:00,17.395242636385024,16.78248864232033,32.89116074359777,38.02878212276411,12
645,2024-01-27 21:00:00,32.8105456147979,30.10540840993616,51.6030279540587,7.72461020024629,10
646,2024-01-27 22:00:00,26.871849071080973,17.554269672704695,87.40798892905717,24.36326770500254,84
647,2024-01-27 23:00:00,28.582046382889796,31.521352605050566,60.02406874261207,21.499260706052983,28
648,2024-01-28 00:00:00,30.78342477214677,30.64056175340772,55.96374816118228,29.84553452733281,52
649,2024-01-28 01:00:00,24.968843978581145,29.174893954859527,57.46197630955764,49.97788516252193,98
650,2024-01-28 02:00:00,16.738405761748474,15.723207610495242,42.53296344030982,38.47244470410235,49
651,2024-01-28 03:00:00,25.742130836370954,21.06256711890657,52.122430251887714,19.89328515087136,17
652,2024-01-28 04:00:00,26.736822360417584,20.262251398216858,52.1887953592306,41.377652613702345,73
653,2024-01-28 05:00:00,29.9087894836866,22.20272814943038,33.14130121124835,8.535418165624009,29
654,2024-01-28 06:00:00,23.63319092459359,16.752854935276773,76.0540577110751,1.5231843154480065,24
655,2024-01-28 07:00:00,17.551606055911275,33.73915646062126,54.99026591423274,10.222418623213652,86
656,2024-01-28 08:00:00,20.67551811597449,26.076044814247524,79.3307932089854,17.020577805712982,86
657,2024-01-28 09:00:00,22.2616459279727,21.11048621316047,81.02088006719373,25.529037872977995,70
658,2024-01-28 10:00:00,27.918344826632023,22.939630341485667,42.71964328191949,30.75645702705999,78
659,2024-01-28 11:00:00,26.41556609337824,23.944050810096712,69.44120893020772,45.53028586072109,49
660,2024-01-28 12:00:00,22.121934517956923,27.011886667212345,58.3369082497789,25.492700477522884,51
661,2024-01-28 13:00:00,34.7303049758596,25.313588553929957,82.8094042752891,25.063782231286467,67
662,2024-01-28 14:00:00,27.115496387137743,33.38783946428835,42.94444075058725,2.5121504911491064,80
663,2024-01-28 15:00:00,19.74453583471989,24.939269658116604,70.66879201860266,1.7455776328111905,81
664,2024-01-28 16:00:00,17.035649452408073,34.84316029646625,66.46512733516334,27.557998095818604,59
665,2024-01-28 17:00:00,18.05718278368664,32.028499154901915,47.718088654309966,21.908930662417227,79
666,2024-01-28 18:00:00,19.919154567690164,19.17021028714672,38.19605421907036,41.95901974901493,23
667,2024-01-28 19:00:00,18.213627465191117,33.61190429287832,69.09838562863659,8.033979235592259,39
668,2024-01-28 20:00:00,18.73134048102612,17.32732795770952,74.31584748793983,1.24858310585248,57
669,2024-01-28 21:00:00,20.70190337387694,31.348994169823836,48.937640625801,22.451938396506293,30
670,2024-01-28 22:00:00,18.467471905895096,22.6124658695316,68.68995624133882,11.873927837612875,18
671,2024-01-28 23:00:00,32.935308492528506,32.55948640890139,53.7078544566902,2.4807186669418724,49
672,2024-01-29 00:00:00,16.604674913232845,32.361133802149006,72.79241299695707,36.22991434238145,48
673,2024-01-29 01:00:00,25.490227791405093,31.118508002352424,41.95291649364319,5.579649997862374,92
674,2024-01-29 02:00:00,23.20793653979323,30.800608726141228,83.41290015817046,30.415975000388585,69
675,2024-01-29 03:00:00,34.647572338172125,21.093582781960816,47.24457578793479,14.052487508344456,55
676,2024-01-29 04:00:00,17.240778043361047,16.618385661025044,52.06715926536917,8.6748025177511,47
677,2024-01-29 05:00:00,22.95711198091483,23.05960357530323,33.48551712482099,18.987576145965875,90
678,2024-01-29 06:00:00,34.389408665507375,18.470490299730173,36.69073273927658,40.072288811147686,27
679,2024-01-29 07:00:00,32.310142517879605,28.899021778049235,60.95171416273969,19.604678845228637,60
680,2024-01-29 08:00:00,31.3414414189856,21.92199453075571,46.05556060367829,37.53848246055279,23
681,2024-01-29 09:00:00,20.1580565408988,34.5122040171983,80.12881354453165,6.274314839957534,86
682,2024-01-29 10:00:00,18.417751747801315,27.81944154690664,30.88160331929723,38.63857098325396,80
683,2024-01-29 11:00:00,28.37286439848862,31.449611272687218,52.74564292031617,11.846666245332433,59
684,2024-01-29 12:00:00,33.58751978255172,17.65049345483697,50.24073280614556,33.86965649444364,96
685,2024-01-29 13:00:00,26.1352578602786,32.24028964545245,31.15965785505606,28.289077742049816,96
686,2024-01-29 14:00:00,26.432253789398,33.455143810267884,37.462103940030616,46.45723586058437,64
687,2024-01-29 15:00:00,20.599581873205683,24.74123837637872,54.81856049511812,19.366125898765706,63
688,2024-01-29 16:00:00,30.389858663838737,27.12505875501955,59.5718750668468,3.308259441722022,37
689,2024-01-29 17:00:00,18.74087497115047,30.29619601805991,54.25738483529214,0.9577742775626452,23
690,2024-01-29 18:00:00,21.473584728084877,18.49677254520825,61.85626070472563,41.34292804863765,32
691,2024-01-29 19:00:00,23.508728772328336,25.051321529268847,65.70790049434089,26.236781883071608,56
692,2024-01-29 20:00:00,25.1522075736891,22.973260555446263,30.595429267670134,38.76220259174746,53
693,2024-01-29 21:00:00,19.848194648301604,17.92747984324498,57.84570956721024,11.721280000575735,41
694,2024-01-29 22:00:00,17.29673649478407,22.350688445830627,87.8099544532553,17.254187275661685,30
695,2024-01-29 23:00:00,27.21240084883265,16.363446187709872,61.14193680777292,1.505193610565947,44
696,2024-01-30 00:00:00,20.772611064805115,15.51623813898974,70.65253604753718,48.07461622870561,84
697,2024-01-30 01:00:00,26.624764428452245,17.703325783096457,48.71183147501299,33.39339533504067,42
698,2024-01-30 02:00:00,18.087254305484045,34.26230223178348,76.43948268916574,46.66025438796531,81
699,2024-01-30 03:00:00,24.62280203709635,25.99059071790034,76.3752889125669,13.274820371453616,91
700,2024-01-30 04:00:00,25.651788651031715,34.3164432230644,61.27776285924834,30.57318056128304,58
701,2024-01-30 05:00:00,16.03647073644854,23.64995756660264,88.56082939675281,33.924998414631894,26
702,2024-01-30 06:00:00,21.73208556387841,21.23632266170519,37.533012885759206,15.877485012879422,20
703,2024-01-30 07:00:00,17.688293538779483,25.12283725680488,31.01685989337486,42.40546175078151,32
704,2024-01-30 08:00:00,16.267499409455354,23.790233772658205,76.20949270542576,47.35807314501239,39
705,2024-01-30 09:00:00,34.7992046477989,17.11329368523488,78.42933224189295,44.24275588480022,64
706,2024-01-30 10:00:00,21.44707689949446,27.816526293804124,37.21243374723458,36.95334879696863,49
707,2024-01-30 11:00:00,31.1974889170927,19.320763650191992,45.93496997751636,13.8732339862477,50
708,2024-01-30 12:00:00,20.092813095275275,27.39175909795659,31.053141801997736,14.080802105281586,76
709,2024-01-30 13:00:00,28.630054444478585,28.004021847963067,47.598516646833886,48.1680160223019,59
710,2024-01-30 14:00:00,30.204557197793733,18.04049706257296,76.38851243512029,0.5142247967846014,90
711,2024-01-30 15:00:00,26.912774812156886,16.226992542213363,61.07763166275474,35.802498662107226,89
712,2024-01-30 16:00:00,24.431523771003167,30.6152317213688,50.88573559009728,35.31230812776311,30
713,2024-01-30 17:00:00,23.23681828294537,24.196008475386403,52.30435769437982,31.134477047489877,89
714,2024-01-30 18:00:00,21.977365330859904,16.163275910109515,30.08121754292809,49.50544230434329,29
715,2024-01-30 19:00:00,33.59058288495652,34.89732634339534,47.98803165391415,15.59397178818626,69
716,2024-01-30 20:00:00,31.612388155754584,16.155611219927334,68.78752449827583,16.998593189662408,10
717,2024-01-30 21:00:00,34.300538213330256,28.900704577171062,88.45166662898143,3.9469701473277774,27
718,2024-01-30 22:00:00,17.485944469710894,34.67357850526827,80.82364961903397,22.139906827186877,68
719,2024-01-30 23:00:00,29.617349504072884,19.783602084318517,31.41569787873175,13.052426311742405,91
720,2024-01-31 00:00:00,33.76680913642076,17.844987373743923,83.91363628049035,17.169335108882212,47
721,2024-01-31 01:00:00,18.6246613233132,17.427698788448577,76.99190479791756,41.72858951278138,27
722,2024-01-31 02:00:00,16.32992534733555,21.06550295135191,76.82256741425883,46.77422567637478,34
723,2024-01-31 03:00:00,29.82241298580118,17.020916220212932,57.47974554021429,9.286653600259282,81
724,2024-01-31 04:00:00,26.48946226359824,28.84322683388264,53.88031757727017,18.62544657767329,22
725,2024-01-31 05:00:00,31.83657553516544,16.245835962601255,48.174943729991554,46.4315281057697,91
726,2024-01-31 06:00:00,17.79544753252579,25.1884425629958,33.941691537261946,3.090423034461132,83
727,2024-01-31 07:00:00,30.905346237197804,34.93393707705954,43.69412180962195,4.6180264055689255,25
728,2024-01-31 08:00:00,19.03254640095489,31.279405390120377,44.79621809868148,8.139549460311468,61
729,2024-01-31 09:00:00,18.27311885731409,27.304388764620217,59.0446241826121,29.760641706343737,27
730,2024-01-31 10:00:00,18.285315958619854,21.125072415732237,74.84666439580164,7.523613550299873,95
731,2024-01-31 11:00:00,31.29149440462764,27.47791672583277,58.4285897038768,48.40381907253668,49
732,2024-01-31 12:00:00,28.303944413924,25.540829278233037,33.47066696682964,22.335726362926017,48
733,2024-01-31 13:00:00,25.461308495382383,23.52166767780743,87.46738805929223,25.07589801750832,86
734,2024-01-31 14:00:00,22.17660968247005,17.614207534803988,86.56345914564673,12.332930790270323,92
735,2024-01-31 15:00:00,32.544010816262166,32.732084304809334,77.1113725889045,23.548012621736675,51
736,2024-01-31 16:00:00,22.84890214845271,23.99569297642645,89.47967409385323,33.095681631850574,44
737,2024-01-31 17:00:00,31.33198878943154,18.8924502364153,62.66893996801578,37.55885684770214,55
738,2024-01-31 18:00:00,23.78269817140437,22.35518701754579,87.76610101519236,37.69340413549565,46
739,2024-01-31 19:00:00,22.538888588498157,23.282595050578543,34.53630243700505,28.894555634704417,11
740,2024-01-31 20:00:00,24.25359571339213,31.550757911337485,51.94084489568228,45.217988749692864,54
741,2024-01-31 21:00:00,21.02755748328284,29.672287611228043,43.52287608040595,40.87039236530547,52
742,2024-01-31 22:00:00,29.952187603525022,30.386097872826795,41.7499850480562,37.85240573493128,88
743,2024-01-31 23:00:00,25.054407801849585,15.220625288572943,38.44817693356056,2.780276084023031,95
744,2024-02-01 00:00:00,19.644253902936345,23.32307996359523,67.34481849395979,0.3438981109824657,10
745,2024-02-01 01:00:00,32.991491465491364,24.626883032706477,76.8793113448383,10.622363859773648,95
746,2024-02-01 02:00:00,22.67782442746423,15.383845536461134,64.69790396522164,33.176179695672616,13
747,2024-02-01 03:00:00,25.871057222279774,20.196264174900683,38.817762575292576,20.55987444412729,61
748,2024-02-01 04:00:00,33.12944221929094,30.2057964624427,78.66742619600825,20.120312964965585,35
749,2024-02-01 05:00:00,27.48475991827984,17.74219411457998,68.15728242982371,44.22934441148069,25
750,2024-02-01 06:00:00,17.337960814167282,25.706202629051838,53.28994236761973,44.77814240659194,94
751,2024-02-01 07:00:00,33.796642472269504,19.30403744034475,70.44781773216377,45.458763202679286,44
752,2024-02-01 08:00:00,27.55416106142836,15.242415492877866,45.59429875456997,15.693903825751365,49
753,2024-02-01 09:00:00,21.698112293141723,19.82402915199083,50.71153250965263,34.55279063696309,81
754,2024-02-01 10:00:00,17.785441453267744,34.517475098201075,85.04915058791941,13.58165906371848,53
755,2024-02-01 11:00:00,30.88050378540592,31.03074223765979,47.43027034028522,9.530491653722487,91
756,2024-02-01 12:00:00,27.40145511857027,34.19153288642067,58.19929608947619,9.23162286736846,24
757,2024-02-01 13:00:00,25.66922183952643,24.757080878527248,83.40846824376088,17.1053810431797,96
758,2024-02-01 14:00:00,32.87785166101915,17.19472397355007,72.46328101605164,21.497880988991085,21
759,2024-02-01 15:00:00,30.77194422449061,25.95918977947386,33.73219356988216,41.54745855275342,32
760,2024-02-01 16:00:00,18.033497594655024,24.08754669119922,38.83818265673822,5.994554673635605,45
761,2024-02-01 17:00:00,21.234441355910967,31.88714165479232,30.47049544631501,36.74629236974471,70
762,2024-02-01 18:00:00,19.96978279628932,16.961651615684893,67.85530741374981,26.572745709465263,29
763,2024-02-01 19:00:00,29.878925851453538,24.76482274043556,56.8604055246251,14.397267133799623,62
764,2024-02-01 20:00:00,15.670648694715588,18.000973293879685,38.05649105413653,24.640979226641228,45
765,2024-02-01 21:00:00,26.39779369742633,21.4935185378012,87.47604726340623,14.997103488851131,10
766,2024-02-01 22:00:00,30.24917371481381,29.747141547755994,61.7795834367372,29.804097761915298,79
767,2024-02-01 23:00:00,32.53531273523499,24.52036258737533,44.51359764677335,21.69219614276221,42
768,2024-02-02 00:00:00,21.841634974318147,22.517765702915387,60.03621426928245,8.220276453943937,10
769,2024-02-02 01:00:00,31.425146093440254,22.889525571400707,70.77721996410646,5.829153727784836,49
770,2024-02-02 02:00:00,17.212634739104146,24.188935368119733,34.57435307841387,27.33478410360651,79
771,2024-02-02 03:00:00,31.929045834690363,30.700330876741138,46.48222890287352,45.12065166430517,18
772,2024-02-02 04:00:00,17.54977324663965,32.84169377880469,78.41792945303962,17.197884327884278,70
773,2024-02-02 05:00:00,22.945745811207345,34.10669373007856,57.57989222415968,36.65000536113116,44
774,2024-02-02 06:00:00,30.94590731559107,30.7380677251059,62.794628521937696,32.93306774698835,7
775,2024-02-02 07:00:00,17.998348546975475,21.308137914960252,55.96896013256816,46.57774571547405,28
776,2024-02-02 08:00:00,19.58502790465283,28.76269412173084,32.63399655858031,41.049050864957046,23
777,2024-02-02 09:00:00,29.445051367861325,23.75206248110784,39.94498678920935,28.330262945273148,22
778,2024-02-02 10:00:00,29.400730730921488,20.09341244092102,56.73249832451346,32.85152491170537,68
779,2024-02-02 11:00:00,27.822952657705947,31.817431588518453,42.55112792447567,44.91932332920175,92
780,2024-02-02 12:00:00,28.878968889342,15.7685269792465,32.99874171958072,19.97593922934674,39
781,2024-02-02 13:00:00,25.854488866951925,33.03523984270847,80.61897984310943,16.339735292888868,66
782,2024-02-02 14:00:00,20.035981178139053,24.22954929249468,88.87155174984696,0.540554181759817,5
783,2024-02-02 15:00:00,21.913919870078388,27.74402953616561,77.58857243980437,41.32755370957321,29
784,2024-02-02 16:00:00,18.631954336028517,28.187078444115656,81.22709530228002,40.04903502016825,49
785,2024-02-02 17:00:00,33.169011226672566,32.90235481413073,44.518627819022726,5.222725905007569,53
786,2024-02-02 18:00:00,26.66783589532241,27.733393643344147,87.63761853079198,28.842869056635013,93
787,2024-02-02 19:00:00,23.0170283352728,27.27867169520124,41.8155422672057,23.199084908344368,20
788,2024-02-02 20:00:00,24.240116072882653,16.3330408112138,87.08578862170994,5.9354547754555735,97
789,2024-02-02 21:00:00,33.94566679223631,25.36816043890408,89.68915763795707,49.02841135303618,23
790,2024-02-02 22:00:00,18.067028062321604,18.003380016340834,72.70336834476292,10.734794373167771,27
791,2024-02-02 23:00:00,26.724596640335943,29.748675374429716,88.86862390750932,3.3617090045280573,87
792,2024-02-03 00:00:00,25.11777357768932,25.244438416253487,64.17238677402622,29.74236897509548,29
793,2024-02-03 01:00:00,27.22908470869296,28.604555584167063,45.57250699056542,36.943333856651634,20
794,2024-02-03 02:00:00,15.36220367641681,15.833458012047686,56.21975313993725,1.6221723023593482,58
795,2024-02-03 03:00:00,32.44247817888303,16.695840320916066,65.61365612272715,32.93588193635111,77
796,2024-02-03 04:00:00,33.64236564967224,29.32646776125365,34.3848937216209,26.614593797572724,5
797,2024-02-03 05:00:00,26.30266367178418,16.441686719973468,67.34059587703476,5.163250443752421,46
798,2024-02-03 06:00:00,28.933016477537844,16.42513455530517,88.87067020573767,8.626193847318103,23
799,2024-02-03 07:00:00,33.449987623545915,15.242169504697747,41.406458987023655,28.398714865804024,38
800,2024-02-03 08:00:00,29.14477268626797,34.1300279659896,77.555706977303,14.81788067566442,84
801,2024-02-03 09:00:00,18.050780858285226,29.75016718918014,84.47392762677717,46.9157864325658,59
802,2024-02-03 10:00:00,26.525767203336265,22.065028170041284,86.62209556921326,40.93701147420254,22
803,2024-02-03 11:00:00,27.13430092765712,20.930711625753105,87.60813626432683,49.17836032568315,38
804,2024-02-03 12:00:00,23.48261342604772,21.994064594916992,61.28757832328832,12.9835419475207,93
805,2024-02-03 13:00:00,29.72888471249445,30.49307062362364,88.63847447949021,48.48618163989885,49
806,2024-02-03 14:00:00,33.687340295380295,28.227412221408287,75.43861242806634,21.56169348957789,10
807,2024-02-03 15:00:00,33.51137025813553,18.70391135734936,39.70028617421772,17.375939765687733,25
808,2024-02-03 16:00:00,24.016787428082644,18.482186706681688,58.6140063880782,2.517476348467662,74
809,2024-02-03 17:00:00,17.264760916815106,16.967912994267948,73.09987052232023,2.638262892980131,52
810,2024-02-03 18:00:00,34.69682397924669,28.206054394026765,44.84041894914501,34.600562797332735,43
811,2024-02-03 19:00:00,31.777961728918683,30.28745324443472,68.43691101293325,22.896449721701394,35
812,2024-02-03 20:00:00,17.493253624065336,20.30092856650008,69.99602874279715,11.326081301805283,14
813,2024-02-03 21:00:00,33.416837652347446,15.418899220618256,39.76198462851396,30.69851531626163,34
814,2024-02-03 22:00:00,32.39792724124257,16.643433349528546,63.905118747165375,12.642905912505558,22
815,2024-02-03 23:00:00,25.37676114252144,34.357200696900605,76.29761465871647,28.88158771722113,64
816,2024-02-04 00:00:00,26.825508714898582,20.908895549548404,59.93373987215652,17.960437349134516,92
817,2024-02-04 01:00:00,22.98005407740261,30.384462956762672,30.726187006566445,41.17761133059095,77
818,2024-02-04 02:00:00,16.095232776440625,27.493271377085275,30.54230814475753,41.034808038338966,99
819,2024-02-04 03:00:00,21.70394483291802,22.63879279305792,51.42176063820073,23.867519906120062,19
820,2024-02-04 04:00:00,31.057068971960227,19.113745243911104,85.57164410590693,17.54095546675078,8
821,2024-02-04 05:00:00,15.092640460092056,17.42772836318813,43.72060677621653,18.12798982795473,67
822,2024-02-04 06:00:00,21.669983433822885,27.30025936077733,68.06182133230124,40.285726283410895,44
823,2024-02-04 07:00:00,22.963373871818867,30.49267561275576,43.32455224159924,16.4089741398806,13
824,2024-02-04 08:00:00,25.74791205875846,27.87808507082261,49.30019937957292,10.4529686853423,13
825,2024-02-04 09:00:00,33.39711232825521,25.606042664983164,80.88252537608903,4.234417093765341,30
826,2024-02-04 10:00:00,21.926919887319222,15.839024468632726,73.7316865361968,23.33465604422042,8
827,2024-02-04 11:00:00,21.939064037924556,34.36977555188768,35.72395663879264,24.106604945992093,85
828,2024-02-04 12:00:00,29.750024962194967,30.97428383309149,55.72212125918602,42.04543552014536,20
829,2024-02-04 13:00:00,24.044358817796144,20.85644073401929,31.750185818715867,11.0619348223032,19
830,2024-02-04 14:00:00,19.49209645879964,34.599406587177015,58.85340879618054,19.04956368342,56
831,2024-02-04 15:00:00,24.04879032265387,27.037631792726444,69.74604070206408,40.42028694468455,73
832,2024-02-04 16:00:00,17.817140407595996,26.64845316414493,37.11015741588909,41.18118053744868,9
833,2024-02-04 17:00:00,18.527739730124463,29.961463588590643,47.333096334549936,19.23055379893841,24
834,2024-02-04 18:00:00,24.967355454789598,31.23539576180275,53.87019753012942,22.956201164334043,83
835,2024-02-04 19:00:00,23.37850899009096,28.129572146630053,85.17186147936299,15.164294542464146,22
836,2024-02-04 20:00:00,33.296918021362,17.561914927324,89.59530092537784,46.6277439209656,6
837,2024-02-04 21:00:00,22.24787798233266,21.76535011988997,32.69467793973695,5.932188287079016,97
838,2024-02-04 22:00:00,26.61176700556087,33.561672806520995,75.66047540972352,46.6874711500735,17
839,2024-02-04 23:00:00,27.645285758390607,19.49231223687704,52.30344398414059,34.19332259176716,8
840,2024-02-05 00:00:00,15.261889131766672,22.443340476750265,53.547491173768805,26.57860763433656,46
841,2024-02-05 01:00:00,28.27074744033421,23.64153765888392,75.25589840082137,1.6329530392247935,78
842,2024-02-05 02:00:00,18.560719337395028,23.78809979388905,85.10558592872451,23.779809591100413,65
843,2024-02-05 03:00:00,34.2214063493891,27.25879164989051,87.0557156701529,20.387405250136613,99
844,2024-02-05 04:00:00,17.973254555062258,33.861516754894154,64.62735516229924,8.060940598756128,12
845,2024-02-05 05:00:00,23.292482474540478,19.8138542366501,51.42726955803017,32.82048017503285,71
846,2024-02-05 06:00:00,16.706993361572877,17.43002752601836,77.25294515152675,48.55754536841429,67
847,2024-02-05 07:00:00,34.93748503691894,18.949409797198747,45.060082995738014,28.109440553226257,13
848,2024-02-05 08:00:00,25.04390020662485,32.73849800418539,63.84444173001106,35.73766382219729,98
849,2024-02-05 09:00:00,26.90770034640088,27.91621625310412,51.51470769149239,3.422522628300839,15
850,2024-02-05 10:00:00,16.34152954776855,20.7181357847832,69.39786442247257,20.88334979084973,46
851,2024-02-05 11:00:00,29.99920940798356,31.318938779372345,44.42393477361041,5.817924258224794,17
852,2024-02-05 12:00:00,19.19811186191172,32.22739992726872,41.49557674408955,30.63979177682552,40
853,2024-02-05 13:00:00,32.96108578881427,31.93028677380556,85.09434520052622,46.92410791070773,17
854,2024-02-05 14:00:00,19.102792809640142,33.378530672791086,36.10822097697221,33.08888662358193,16
855,2024-02-05 15:00:00,18.81375441327333,20.04482040346723,60.3574744640959,3.840152415721077,41
856,2024-02-05 16:00:00,15.730993356961898,30.100838574925568,43.251166977780535,17.733310249254142,78
857,2024-02-05 17:00:00,24.441338902199984,24.2107899454828,32.335797799540046,27.533168972042574,77
858,2024-02-05 18:00:00,26.29682266525233,31.83997105780123,32.161129097485585,20.16038780666261,56
859,2024-02-05 19:00:00,16.31417278856705,29.569813543232264,40.51330632634964,41.68220052375862,75
860,2024-02-05 20:00:00,30.51055233390021,30.52894892999449,82.00622127036002,40.73355023549946,6
861,2024-02-05 21:00:00,24.065776694960554,28.12323675362143,46.9487246386216,30.591551005161072,60
862,2024-02-05 22:00:00,25.4878053865516,18.548575389394134,87.02755023451775,18.672897256635263,64
863,2024-02-05 23:00:00,23.81525493876456,25.90053837793877,64.89733757935161,12.766818688162209,27
864,2024-02-06 00:00:00,23.01526121750652,34.69339479049016,56.19685138612597,5.2937159106564655,44
865,2024-02-06 01:00:00,26.19280662616436,33.74776132994238,64.80533008016727,17.7448841743277,68
866,2024-02-06 02:00:00,18.10480491861425,15.863474715940232,61.00190311357606,20.65862586038597,89
867,2024-02-06 03:00:00,18.63856260990542,18.296296314588744,75.5265752254395,33.79114625520368,27
868,2024-02-06 04:00:00,32.235712420270346,17.63457546909124,46.949763958371136,32.90799121487867,33
869,2024-02-06 05:00:00,33.922309242672654,29.51959819970591,51.183023496018144,3.505406982062848,82
870,2024-02-06 06:00:00,22.46618632559506,31.3557065971389,83.64565815199504,19.762965771557887,94
871,2024-02-06 07:00:00,20.41489346287108,19.27022732621344,86.78739078902433,9.088943360868097,55
872,2024-02-06 08:00:00,27.879990864780314,25.11705385903658,83.55349364918847,7.840635265840285,73
873,2024-02-06 09:00:00,23.17468342196193,31.814060560224,55.16687963743881,41.36510748686229,99
874,2024-02-06 10:00:00,15.507727113206895,29.65603089532501,76.82193018041289,2.0957608358128765,93
875,2024-02-06 11:00:00,18.12305194732381,25.844744109836967,58.58014399806593,20.959143795106066,35
876,2024-02-06 12:00:00,29.31944457694795,26.806953809175457,59.85239112876613,8.41018278832591,54
877,2024-02-06 13:00:00,28.178478838203027,25.1672109383256,42.28080654343704,43.9665107839237,24
878,2024-02-06 14:00:00,15.54191985006967,20.950969026376413,65.46781819551099,27.85202566375176,59
879,2024-02-06 15:00:00,19.43944323865899,26.30043985718032,41.16815386520088,11.5690318188424,85
880,2024-02-06 16:00:00,19.62149593176143,28.777706041001814,49.89388194403163,25.12136435831882,6
881,2024-02-06 17:00:00,28.43785487197457,32.46645831721615,81.3018120971961,36.574317985155794,29
882,2024-02-06 18:00:00,15.394210755087284,27.72582707958496,42.42454855265132,47.90590044597169,17
883,2024-02-06 19:00:00,17.082171639691477,30.22243074086316,34.269497110405965,11.022300212270949,96
884,2024-02-06 20:00:00,30.998321707463788,18.20143269909146,34.14045555676898,44.309088606467256,74
885,2024-02-06 21:00:00,18.570893241086672,24.2311494883958,86.44707123018648,46.71520570837451,71
886,2024-02-06 22:00:00,28.054922157037492,15.186632396541864,60.41522627771008,45.82102722660331,62
887,2024-02-06 23:00:00,19.76365562093453,19.93357729043246,54.5647243090211,31.770717843095493,86
888,2024-02-07 00:00:00,16.988827855186905,29.529234302260097,78.6527148604751,31.491032721735383,79
889,2024-02-07 01:00:00,19.86344381998908,34.83619902698727,80.14955567463096,20.16053165919114,88
890,2024-02-07 02:00:00,29.44533863711318,16.983561991744317,49.93146198693628,37.6198941151894,68
891,2024-02-07 03:00:00,32.11392936212572,23.029886317225767,71.6170834484277,26.564700917546595,73
892,2024-02-07 04:00:00,31.604397291339836,31.00141937398319,76.2673689511132,33.871903561414726,87
893,2024-02-07 05:00:00,22.94367059236909,19.080712692577976,69.27904121195726,21.42289519243977,90
894,2024-02-07 06:00:00,28.36170273141292,26.10169898604573,39.09570448800597,36.57482320215696,63
895,2024-02-07 07:00:00,19.09968590831642,29.66142592059349,82.55298501102342,41.22357588022745,64
896,2024-02-07 08:00:00,20.862954605220267,27.31970900520358,62.34567316416052,7.321812830140805,87
897,2024-02-07 09:00:00,32.9267163704224,18.760494692308324,46.94834558220022,41.6464857787114,66
898,2024-02-07 10:00:00,15.26003847021472,22.107691373714783,55.513691126261634,27.01482658951536,20
899,2024-02-07 11:00:00,16.71017061708936,30.675835689707945,32.25426542393444,42.233295454511214,92
900,2024-02-07 12:00:00,19.157725102920544,26.084530282640333,37.672008073345054,21.56508531705073,72
901,2024-02-07 13:00:00,15.530644077476394,15.104592270858255,75.93280503095164,18.952024269151757,19
902,2024-02-07 14:00:00,18.628708701795947,30.219815200561875,30.000698085321968,45.75303662586112,93
903,2024-02-07 15:00:00,26.66083121939384,15.70622709880478,54.993949708937535,12.558463377420065,59
904,2024-02-07 16:00:00,23.42849101184996,29.914675654624645,61.35061086513531,42.21061626430716,39
905,2024-02-07 17:00:00,32.8534342215395,19.04961120330475,33.278065200058336,24.201028625470205,59
906,2024-02-07 18:00:00,31.34887123476882,34.161469602387605,88.38468977833998,25.704772127562983,18
907,2024-02-07 19:00:00,21.83634703395752,22.35881502604169,43.56751987498032,15.4234140744742,53
908,2024-02-07 20:00:00,20.18846866862585,21.538632326761583,48.25192317817685,28.652110030950784,87
909,2024-02-07 21:00:00,22.59384816334534,17.977761006648894,48.23655073530164,16.260559813810566,11
910,2024-02-07 22:00:00,26.805898850296156,21.112084309804292,43.824999727041,1.963470712082616,34
911,2024-02-07 23:00:00,20.361272816457525,32.53301523656401,30.088429325178684,13.599930267217802,87
912,2024-02-08 00:00:00,27.48297815698268,34.926686752544946,73.76068764527977,0.3189521703295339,53
913,2024-02-08 01:00:00,23.18823304382481,22.366190610136968,88.01072998795712,48.91773935284283,93
914,2024-02-08 02:00:00,26.04094361703961,23.97221261909085,43.4576089971027,48.287360490987375,20
915,2024-02-08 03:00:00,23.722530582706334,29.441418764054745,69.78283150820535,19.75776487361525,55
916,2024-02-08 04:00:00,20.889315190838357,32.723915609301486,74.51377961752291,36.4185427169823,76
917,2024-02-08 05:00:00,33.96906613924313,26.86088668373568,80.90552274543148,17.290304920521248,86
918,2024-02-08 06:00:00,30.272115883195216,22.830513963556587,55.35775182081655,33.5546578542988,96
919,2024-02-08 07:00:00,17.802263515329052,23.25243681697248,48.17585433842575,40.27150215229896,84
920,2024-02-08 08:00:00,32.36935951795826,28.912362929936137,49.517708041381866,47.33781223461204,87
921,2024-02-08 09:00:00,24.748623964990276,15.064365272085574,72.75727998591077,20.0106137924836,46
922,2024-02-08 10:00:00,32.891044537881825,27.39178674919681,79.00676799033816,39.16489914780239,21
923,2024-02-08 11:00:00,30.997105118946305,22.109860208827147,40.89683806539616,13.29642253160594,67
924,2024-02-08 12:00:00,23.50427008938467,30.88394662554169,52.25646048946591,49.51661518968242,49
925,2024-02-08 13:00:00,15.449386166402348,16.85981279646264,84.116411804949,1.2884799382175571,81
926,2024-02-08 14:00:00,20.37354718769892,26.76404533896781,78.40161118168436,30.17644032505605,11
927,2024-02-08 15:00:00,25.83268429321734,24.619457797722475,89.09150416574855,32.97529908256636,31
928,2024-02-08 16:00:00,27.669564396522944,27.846510518104548,75.25489558092485,34.402277853706444,14
929,2024-02-08 17:00:00,20.15775370866405,16.297071889659367,53.59171206167534,6.019378939454451,38
930,2024-02-08 18:00:00,17.78712148145648,26.599675748562625,65.43827003967826,46.92648917365652,40
931,2024-02-08 19:00:00,31.69860473598598,26.229691759190477,69.66085525483922,9.05916395250414,29
932,2024-02-08 20:00:00,34.68804361407104,26.213201888323415,34.70734897902744,31.13767016199205,10
933,2024-02-08 21:00:00,25.51380364605372,27.069753331929096,62.669817546231904,11.133803956154248,28
934,2024-02-08 22:00:00,18.43358571696607,28.529358744527244,72.55924970835657,15.360820851063544,22
935,2024-02-08 23:00:00,20.44614653038738,31.0997799936154,40.03927824006362,27.322927086406217,91
936,2024-02-09 00:00:00,15.367813530949334,20.39641440256429,76.83790304553344,20.859670928228823,10
937,2024-02-09 01:00:00,33.28597613120998,31.50098820360124,65.0263668308467,8.011280048825315,33
938,2024-02-09 02:00:00,17.355021657802823,24.96511364526907,87.13330714185568,8.546820121042414,29
939,2024-02-09 03:00:00,26.53032951028507,16.541165582686624,32.5453378924135,20.907239408139983,59
940,2024-02-09 04:00:00,20.48110441374412,16.171018584879583,45.919568253328016,37.86414891377504,85
941,2024-02-09 05:00:00,26.083560050315867,21.684766373921214,66.09323275798944,44.89823234238943,50
942,2024-02-09 06:00:00,28.028407767037287,30.69793954222935,47.79359473235584,4.206383112969142,28
943,2024-02-09 07:00:00,31.594836074144037,29.153618694818316,72.86544984427454,19.655195377970053,79
944,2024-02-09 08:00:00,19.128425435212066,30.77229929344813,75.54031695131586,5.012278186143831,30
945,2024-02-09 09:00:00,15.219916573169607,25.345381128832187,36.15095784398847,0.8296240316298942,32
946,2024-02-09 10:00:00,17.737712601376145,23.80397995910981,60.831267852406064,33.08593413219783,7
947,2024-02-09 11:00:00,33.0003728369621,17.94905053412568,60.53343333546336,30.12247209832939,79
948,2024-02-09 12:00:00,32.47780155125031,21.56385507218623,52.156846212932464,8.150955690744311,42
949,2024-02-09 13:00:00,26.948262043406167,23.680387323477504,85.97549175418033,11.690641654653206,65
950,2024-02-09 14:00:00,27.010337208673068,16.772008593592346,79.65037919239327,1.185387682225919,82
951,2024-02-09 15:00:00,28.30073349092511,19.412239054224223,71.8325629145782,41.74736028472019,55
952,2024-02-09 16:00:00,18.507425572468996,26.96450588127477,72.85959814409986,48.73452980242757,94
953,2024-02-09 17:00:00,33.2882389184992,29.713262284783795,57.70296862878715,6.7729768397345405,52
954,2024-02-09 18:00:00,23.375410497841465,34.966950227858995,85.25967126579455,11.573760688264906,25
955,2024-02-09 19:00:00,22.66277056498995,33.66226662687116,71.67572563519713,43.4204761973467,58
956,2024-02-09 20:00:00,25.37835410565675,27.85130399070383,73.738863699349,46.32318989780924,60
957,2024-02-09 21:00:00,15.9393193355011,23.42496106588144,81.70145422724072,20.981369140340515,98
958,2024-02-09 22:00:00,18.32566737512159,27.723547294164653,46.444295360531456,2.5311236134537065,63
959,2024-02-09 23:00:00,29.76067232852741,30.71303236160464,78.42425423200217,1.96959168464097,76
960,2024-02-10 00:00:00,16.65597335850253,17.366723818467747,41.71443617738952,28.69749330345052,55
961,2024-02-10 01:00:00,27.063042189327764,23.198097793925765,50.72051713469327,19.64475544465895,24
962,2024-02-10 02:00:00,19.90698219362642,31.796045712712345,50.136627256190565,1.4326213788827258,90
963,2024-02-10 03:00:00,22.785912280839533,22.67665903866088,88.71152810334843,29.16261961562784,63
964,2024-02-10 04:00:00,20.773874735414,26.43744542454373,81.39223342487561,0.5651268294511236,75
965,2024-02-10 05:00:00,22.113454329298985,26.755387217243964,72.07019169541559,39.368597907463645,13
966,2024-02-10 06:00:00,29.38091810368491,18.689525062672782,73.62340569692341,15.321641135168578,5
967,2024-02-10 07:00:00,20.9424343124635,22.244708833045767,63.724367664154265,2.012900150461605,33
968,2024-02-10 08:00:00,26.328092805937946,21.690225774838645,86.82544002651115,29.417611049157667,67
969,2024-02-10 09:00:00,24.521008043981997,15.523934170641295,59.77552517294169,19.88422072165273,76
970,2024-02-10 10:00:00,28.27342330725296,15.483835277827104,52.83106259219368,48.69002066785748,60
971,2024-02-10 11:00:00,33.73659478649516,31.63394087351547,39.78212021589546,27.20993312518511,72
972,2024-02-10 12:00:00,29.651441944205004,20.46141619945625,77.17233913566348,13.761959051850416,39
973,2024-02-10 13:00:00,19.298807571815136,25.36157532477631,74.06663592453549,35.47194323169874,7
974,2024-02-10 14:00:00,15.623662701225694,20.97451147177546,53.06130231144809,13.574600127135566,11
975,2024-02-10 15:00:00,20.2452808859965,33.813584902306815,31.51160483755376,45.212164570378256,31
976,2024-02-10 16:00:00,26.901558614005097,20.185935177315475,80.33983966308065,18.73609852536882,5
977,2024-02-10 17:00:00,16.028516269685007,23.593136254778702,30.68507900724442,27.49342813881026,95
978,2024-02-10 18:00:00,24.92732494402473,32.45460500969204,72.22198677774306,2.5286551912114428,84
979,2024-02-10 19:00:00,26.936856978337783,31.83867133583617,88.21542658356341,21.30606189761154,75
980,2024-02-10 20:00:00,21.684877816339217,18.722028356925545,56.259679688892206,41.61817698304975,48
981,2024-02-10 21:00:00,30.41824407491644,31.05286619591421,44.09840429975716,40.28244026816709,91
982,2024-02-10 22:00:00,17.131965062675437,24.16373773475785,72.29226060260291,11.215927942676313,45
983,2024-02-10 23:00:00,16.502755634716173,24.659377441707104,79.0276885209351,11.303953550528137,79
984,2024-02-11 00:00:00,29.563775124072063,17.669599448318877,62.78581896467084,40.86526561066184,46
985,2024-02-11 01:00:00,24.90982632412397,16.612030275142494,88.02211651536877,46.51992100846628,37
986,2024-02-11 02:00:00,28.76804792855472,29.558786139475306,33.100123299477666,4.768046063650178,54
987,2024-02-11 03:00:00,23.696546772074925,24.929223047106,60.28773589827169,22.502931971311263,67
988,2024-02-11 04:00:00,19.928040664782134,23.737014052303596,73.107236839353,16.872713948211448,41
989,2024-02-11 05:00:00,31.382046353483997,29.590164573047936,81.75842826895074,43.53442277287197,63
990,2024-02-11 06:00:00,30.988317579379583,30.3102579798222,40.75533671446741,4.176245734000938,85
991,2024-02-11 07:00:00,28.893929417088536,18.17816335338707,78.00020890582088,10.556297127901871,52
992,2024-02-11 08:00:00,20.44290274459925,27.204502989552825,63.16242454311272,37.62341687932472,9
993,2024-02-11 09:00:00,26.804613337381745,17.70708164555371,53.7932209193978,2.564692449060779,52
994,2024-02-11 10:00:00,22.219477938800537,30.027501720580915,37.90290171474561,24.626769035714464,7
995,2024-02-11 11:00:00,16.831641466532684,28.139103125342796,81.91774553453475,22.105351733986,51
996,2024-02-11 12:00:00,33.34627150924486,34.13229242166916,39.43639249078292,16.720058949437433,66
997,2024-02-11 13:00:00,17.736372618379228,16.379160327128425,48.58727155254596,19.728615765946188,18
998,2024-02-11 14:00:00,34.00474707641605,16.141094423025088,47.40273191774621,26.49702934651165,67
999,2024-02-11 15:00:00,23.920115459159117,20.643741493864,82.28484205145125,8.068367919419156,65
